----->
	 Cov Rate: 1.0 	 (0.0) 	Avg Len: 4.238808801179779 	 (0.03928151139537964) 
	 d: 20 	 n: 100000 	 B: 100 	 eta_0: 0.5 	 alpha: 0.501 	 # Trials: 500
	 True solution:           [0.000000, 0.052632, 0.105263, 0.157895, 0.210526, 0.263158, 0.315789, 0.368421, 0.421053, 0.473684, 0.526316, 0.578947, 0.631579, 0.684211, 0.736842, 0.789474, 0.842105, 0.894737, 0.947368, 1.000000, ]
	 center in last trial:    [0.004100, 0.058229, 0.107329, 0.157593, 0.213365, 0.262751, 0.314275, 0.369029, 0.413974, 0.471463, 0.522691, 0.571404, 0.634686, 0.683048, 0.736808, 0.786797, 0.838267, 0.883696, 0.951136, 0.999496, ]
	 CI UB in the last trial: [0.845192, 0.662719, 0.724882, 0.888193, 0.973246, 1.037992, 1.183350, 1.069388, 1.437653, 0.929241, 1.132482, 2.184907, 1.331385, 1.303839, 1.724572, 1.649514, 1.459480, 1.753789, 1.480851, 1.716487, ]
	 CI LB in the last trial: [-0.836992, -0.546260, -0.510225, -0.573007, -0.546516, -0.512490, -0.554799, -0.331331, -0.609705, 0.013684, -0.087100, -1.042099, -0.062012, 0.062257, -0.250956, -0.075920, 0.217055, 0.013602, 0.421422, 0.282506, ]
----->
	 Cov Rate: 0.9516 	 (0.2146099718093267) 	Avg Len: 0.012888817780496246 	 (1.922321577676717e-06) 
	 d: 20 	 n: 100000 	 B: 100 	 eta_0: 0.1 	 alpha: 0.501 	 # Trials: 500
	 True solution:           [0.000000, 0.052632, 0.105263, 0.157895, 0.210526, 0.263158, 0.315789, 0.368421, 0.421053, 0.473684, 0.526316, 0.578947, 0.631579, 0.684211, 0.736842, 0.789474, 0.842105, 0.894737, 0.947368, 1.000000, ]
	 center in last trial:    [0.001905, 0.052850, 0.112530, 0.159837, 0.214237, 0.264204, 0.317600, 0.366638, 0.416577, 0.471732, 0.526398, 0.577075, 0.633741, 0.686620, 0.739276, 0.786169, 0.838245, 0.885685, 0.944111, 0.992797, ]
	 CI UB in the last trial: [0.015279, 0.067373, 0.125485, 0.174427, 0.229096, 0.275866, 0.330318, 0.379261, 0.429240, 0.483642, 0.540005, 0.588469, 0.646348, 0.698878, 0.753102, 0.797897, 0.850011, 0.896877, 0.958775, 1.004059, ]
	 CI LB in the last trial: [-0.011469, 0.038327, 0.099576, 0.145247, 0.199377, 0.252543, 0.304882, 0.354014, 0.403913, 0.459822, 0.512792, 0.565681, 0.621133, 0.674362, 0.725449, 0.774442, 0.826479, 0.874492, 0.929448, 0.981535, ]
----->
	 Cov Rate: 0.9353 	 (0.24599575199584242) 	Avg Len: 0.013110342435378532 	 (1.983507807671785e-06) 
	 d: 20 	 n: 100000 	 B: 100 	 eta_0: 0.05 	 alpha: 0.501 	 # Trials: 500
	 True solution:           [0.000000, 0.052632, 0.105263, 0.157895, 0.210526, 0.263158, 0.315789, 0.368421, 0.421053, 0.473684, 0.526316, 0.578947, 0.631579, 0.684211, 0.736842, 0.789474, 0.842105, 0.894737, 0.947368, 1.000000, ]
	 center in last trial:    [0.001855, 0.053760, 0.111864, 0.159664, 0.214107, 0.263964, 0.317381, 0.366162, 0.416471, 0.470246, 0.526169, 0.576301, 0.632555, 0.685499, 0.738951, 0.785200, 0.837455, 0.885090, 0.942546, 0.990559, ]
	 CI UB in the last trial: [0.015747, 0.068705, 0.124918, 0.174297, 0.229500, 0.275726, 0.330414, 0.378897, 0.428907, 0.481679, 0.539962, 0.588374, 0.645559, 0.698221, 0.753990, 0.796345, 0.849797, 0.896340, 0.957027, 1.002354, ]
	 CI LB in the last trial: [-0.012037, 0.038816, 0.098809, 0.145030, 0.198713, 0.252202, 0.304347, 0.353428, 0.404034, 0.458814, 0.512375, 0.564228, 0.619552, 0.672777, 0.723913, 0.774056, 0.825113, 0.873841, 0.928065, 0.978764, ]
----->
	 Cov Rate: 0.2165 	 (0.4118588957397909) 	Avg Len: 0.021053847802757392 	 (5.938100404409446e-06) 
	 d: 20 	 n: 100000 	 B: 100 	 eta_0: 0.01 	 alpha: 0.501 	 # Trials: 500
	 True solution:           [0.000000, 0.052632, 0.105263, 0.157895, 0.210526, 0.263158, 0.315789, 0.368421, 0.421053, 0.473684, 0.526316, 0.578947, 0.631579, 0.684211, 0.736842, 0.789474, 0.842105, 0.894737, 0.947368, 1.000000, ]
	 center in last trial:    [0.001274, 0.055295, 0.104178, 0.155279, 0.207619, 0.250557, 0.302014, 0.349489, 0.399471, 0.445119, 0.500150, 0.546497, 0.601541, 0.650924, 0.709336, 0.749383, 0.800214, 0.845005, 0.896355, 0.936882, ]
	 CI UB in the last trial: [0.027482, 0.078564, 0.124636, 0.177839, 0.239004, 0.270008, 0.328088, 0.369029, 0.418676, 0.463551, 0.521199, 0.568163, 0.624003, 0.673915, 0.739919, 0.771380, 0.827137, 0.864117, 0.918177, 0.958980, ]
	 CI LB in the last trial: [-0.024933, 0.032026, 0.083720, 0.132719, 0.176234, 0.231105, 0.275940, 0.329949, 0.380266, 0.426686, 0.479101, 0.524831, 0.579078, 0.627932, 0.678753, 0.727385, 0.773290, 0.825892, 0.874533, 0.914784, ]
