----->
	 Cov Rate: 1.0 	 (0.0) 	Avg Len: 1.910767591219243 	 (0.015272097725889798) 
	 d: 20 	 n: 100000 	 B: 10 	 eta_0: 0.5 	 alpha: 0.501 	 # Trials: 500
	 True solution:           [0.000000, 0.052632, 0.105263, 0.157895, 0.210526, 0.263158, 0.315789, 0.368421, 0.421053, 0.473684, 0.526316, 0.578947, 0.631579, 0.684211, 0.736842, 0.789474, 0.842105, 0.894737, 0.947368, 1.000000, ]
	 center in last trial:    [0.008195, 0.058413, 0.104844, 0.152851, 0.207479, 0.261734, 0.306667, 0.375571, 0.415552, 0.470674, 0.518712, 0.573983, 0.630214, 0.676532, 0.736427, 0.788168, 0.847465, 0.890572, 0.953121, 1.007107, ]
	 CI UB in the last trial: [0.746541, 0.859664, 1.560688, 0.670852, 2.804649, 2.945479, 2.466921, 2.613562, 1.883788, 1.684705, 1.834254, 4.133493, 1.312871, 1.807542, 1.436484, 1.592778, 1.659003, 3.516515, 1.381711, 2.357175, ]
	 CI LB in the last trial: [-0.730150, -0.742839, -1.351001, -0.365149, -2.389691, -2.422011, -1.853587, -1.862419, -1.052685, -0.743356, -0.796829, -2.985527, -0.052443, -0.454479, 0.036370, -0.016442, 0.035927, -1.735370, 0.524531, -0.342962, ]
----->
	 Cov Rate: 0.9242 	 (0.2646778419135232) 	Avg Len: 0.012630613790365614 	 (5.697279505458329e-06) 
	 d: 20 	 n: 100000 	 B: 10 	 eta_0: 0.1 	 alpha: 0.501 	 # Trials: 500
	 True solution:           [0.000000, 0.052632, 0.105263, 0.157895, 0.210526, 0.263158, 0.315789, 0.368421, 0.421053, 0.473684, 0.526316, 0.578947, 0.631579, 0.684211, 0.736842, 0.789474, 0.842105, 0.894737, 0.947368, 1.000000, ]
	 center in last trial:    [0.004727, 0.052054, 0.111195, 0.156241, 0.211986, 0.265289, 0.311815, 0.372738, 0.418611, 0.471774, 0.523036, 0.577518, 0.629342, 0.681245, 0.737735, 0.787371, 0.846208, 0.891432, 0.944738, 1.000094, ]
	 CI UB in the last trial: [0.011830, 0.062371, 0.124250, 0.168057, 0.219736, 0.279329, 0.326427, 0.386082, 0.431945, 0.482571, 0.539599, 0.587216, 0.645023, 0.693886, 0.752376, 0.798310, 0.862468, 0.903869, 0.961485, 1.016301, ]
	 CI LB in the last trial: [-0.002376, 0.041736, 0.098141, 0.144425, 0.204235, 0.251248, 0.297202, 0.359394, 0.405277, 0.460977, 0.506474, 0.567819, 0.613661, 0.668603, 0.723095, 0.776432, 0.829948, 0.878995, 0.927991, 0.983888, ]
----->
	 Cov Rate: 0.906 	 (0.2918287168871494) 	Avg Len: 0.012847005304848511 	 (5.790385917057506e-06) 
	 d: 20 	 n: 100000 	 B: 10 	 eta_0: 0.05 	 alpha: 0.501 	 # Trials: 500
	 True solution:           [0.000000, 0.052632, 0.105263, 0.157895, 0.210526, 0.263158, 0.315789, 0.368421, 0.421053, 0.473684, 0.526316, 0.578947, 0.631579, 0.684211, 0.736842, 0.789474, 0.842105, 0.894737, 0.947368, 1.000000, ]
	 center in last trial:    [0.003888, 0.052769, 0.111182, 0.156676, 0.212050, 0.265869, 0.311439, 0.372156, 0.418093, 0.471447, 0.522548, 0.576286, 0.628492, 0.681245, 0.736984, 0.786535, 0.845526, 0.890226, 0.943401, 0.998004, ]
	 CI UB in the last trial: [0.014248, 0.063564, 0.121386, 0.168012, 0.220533, 0.280346, 0.324488, 0.387120, 0.431632, 0.482319, 0.539546, 0.587398, 0.644346, 0.694461, 0.753378, 0.796790, 0.861153, 0.902568, 0.961227, 1.014562, ]
	 CI LB in the last trial: [-0.006473, 0.041975, 0.100978, 0.145340, 0.203567, 0.251392, 0.298389, 0.357191, 0.404554, 0.460574, 0.505551, 0.565175, 0.612638, 0.668028, 0.720589, 0.776280, 0.829899, 0.877884, 0.925575, 0.981446, ]
----->
	 Cov Rate: 0.2114 	 (0.4083014082757981) 	Avg Len: 0.020534021609440387 	 (1.0789663553779055e-05) 
	 d: 20 	 n: 100000 	 B: 10 	 eta_0: 0.01 	 alpha: 0.501 	 # Trials: 500
	 True solution:           [0.000000, 0.052632, 0.105263, 0.157895, 0.210526, 0.263158, 0.315789, 0.368421, 0.421053, 0.473684, 0.526316, 0.578947, 0.631579, 0.684211, 0.736842, 0.789474, 0.842105, 0.894737, 0.947368, 1.000000, ]
	 center in last trial:    [-0.000105, 0.057164, 0.107354, 0.153602, 0.207631, 0.258419, 0.296926, 0.354711, 0.402223, 0.450282, 0.496089, 0.545645, 0.601272, 0.650585, 0.706315, 0.751661, 0.807191, 0.848770, 0.899336, 0.945709, ]
	 CI UB in the last trial: [0.032539, 0.077803, 0.123019, 0.180454, 0.237867, 0.281655, 0.317357, 0.381689, 0.427046, 0.461029, 0.523337, 0.564912, 0.630358, 0.679499, 0.742862, 0.775555, 0.826311, 0.873693, 0.928994, 0.980472, ]
	 CI LB in the last trial: [-0.032749, 0.036526, 0.091688, 0.126749, 0.177396, 0.235184, 0.276495, 0.327734, 0.377399, 0.439535, 0.468840, 0.526377, 0.572185, 0.621671, 0.669767, 0.727767, 0.788071, 0.823847, 0.869679, 0.910945, ]
