----->
	 Cov Rate: 1.0 	 (0.0) 	Avg Len: 32.429307453630955 	 (0.43149702296238357) 
	 d: 20 	 n: 100000 	 B: 10 	 eta_0: 0.5 	 alpha: 0.501 	 # Trials: 500
	 True solution:           [0.000000, 0.052632, 0.105263, 0.157895, 0.210526, 0.263158, 0.315789, 0.368421, 0.421053, 0.473684, 0.526316, 0.578947, 0.631579, 0.684211, 0.736842, 0.789474, 0.842105, 0.894737, 0.947368, 1.000000, ]
	 center in last trial:    [-0.006747, 0.062691, 0.092501, 0.150807, 0.219431, 0.259552, 0.317273, 0.362641, 0.418771, 0.478996, 0.511518, 0.593148, 0.619023, 0.689911, 0.731249, 0.785365, 0.837593, 0.907653, 0.929324, 1.008129, ]
	 CI UB in the last trial: [45.259544, 61.680056, 44.103787, 0.842501, 21.924090, 53.968724, 68.831643, 0.671668, 42.601392, 10.223815, 9.411811, 14.722942, 35.568193, 2.056428, 23.898252, 14.181149, 78.682617, 59.972662, 36.786015, 51.524743, ]
	 CI LB in the last trial: [-45.273038, -61.554675, -43.918785, -0.540888, -21.485229, -53.449621, -68.197097, 0.053615, -41.763850, -9.265822, -8.388775, -13.536646, -34.330147, -0.676605, -22.435754, -12.610419, -77.007430, -58.157355, -34.927367, -49.508485, ]
----->
	 Cov Rate: 0.9368 	 (0.2433223376511084) 	Avg Len: 0.0180701303429142 	 (1.3589993751432495e-05) 
	 d: 20 	 n: 100000 	 B: 10 	 eta_0: 0.1 	 alpha: 0.501 	 # Trials: 500
	 True solution:           [0.000000, 0.052632, 0.105263, 0.157895, 0.210526, 0.263158, 0.315789, 0.368421, 0.421053, 0.473684, 0.526316, 0.578947, 0.631579, 0.684211, 0.736842, 0.789474, 0.842105, 0.894737, 0.947368, 1.000000, ]
	 center in last trial:    [-0.000440, 0.055605, 0.097260, 0.154194, 0.209424, 0.261836, 0.320339, 0.366778, 0.421274, 0.472454, 0.525868, 0.581578, 0.628638, 0.685272, 0.733180, 0.790715, 0.842285, 0.894567, 0.940458, 1.003250, ]
	 CI UB in the last trial: [0.021293, 0.076360, 0.115689, 0.173486, 0.224176, 0.274859, 0.336584, 0.386255, 0.447094, 0.493130, 0.544223, 0.590583, 0.644355, 0.705344, 0.752930, 0.815844, 0.863289, 0.910587, 0.964327, 1.021014, ]
	 CI LB in the last trial: [-0.022173, 0.034851, 0.078831, 0.134902, 0.194672, 0.248813, 0.304094, 0.347301, 0.395454, 0.451777, 0.507513, 0.572573, 0.612920, 0.665200, 0.713430, 0.765586, 0.821281, 0.878546, 0.916588, 0.985485, ]
----->
	 Cov Rate: 0.9312 	 (0.2531137293787123) 	Avg Len: 0.01942624234574571 	 (1.2646904590806136e-05) 
	 d: 20 	 n: 100000 	 B: 10 	 eta_0: 0.05 	 alpha: 0.501 	 # Trials: 500
	 True solution:           [0.000000, 0.052632, 0.105263, 0.157895, 0.210526, 0.263158, 0.315789, 0.368421, 0.421053, 0.473684, 0.526316, 0.578947, 0.631579, 0.684211, 0.736842, 0.789474, 0.842105, 0.894737, 0.947368, 1.000000, ]
	 center in last trial:    [-0.000741, 0.055280, 0.098386, 0.153171, 0.209966, 0.262063, 0.318651, 0.366927, 0.421199, 0.473835, 0.526031, 0.579616, 0.630162, 0.683573, 0.733410, 0.791634, 0.840950, 0.895439, 0.940043, 1.001773, ]
	 CI UB in the last trial: [0.020021, 0.073438, 0.118542, 0.173849, 0.227082, 0.275921, 0.335323, 0.386430, 0.448797, 0.494448, 0.545738, 0.594438, 0.649208, 0.705999, 0.754939, 0.818586, 0.863962, 0.912792, 0.966256, 1.020621, ]
	 CI LB in the last trial: [-0.021504, 0.037122, 0.078229, 0.132493, 0.192850, 0.248204, 0.301978, 0.347425, 0.393600, 0.453222, 0.506324, 0.564794, 0.611115, 0.661146, 0.711881, 0.764681, 0.817939, 0.878085, 0.913830, 0.982926, ]
----->
	 Cov Rate: 0.8641 	 (0.342682345620547) 	Avg Len: 0.04130483210010409 	 (3.083594161211204e-05) 
	 d: 20 	 n: 100000 	 B: 10 	 eta_0: 0.01 	 alpha: 0.501 	 # Trials: 500
	 True solution:           [0.000000, 0.052632, 0.105263, 0.157895, 0.210526, 0.263158, 0.315789, 0.368421, 0.421053, 0.473684, 0.526316, 0.578947, 0.631579, 0.684211, 0.736842, 0.789474, 0.842105, 0.894737, 0.947368, 1.000000, ]
	 center in last trial:    [-0.003839, 0.053738, 0.104101, 0.151027, 0.213791, 0.261442, 0.301419, 0.371607, 0.419960, 0.480391, 0.521218, 0.564719, 0.636172, 0.670618, 0.730551, 0.792209, 0.832327, 0.898908, 0.939037, 0.965386, ]
	 CI UB in the last trial: [0.017457, 0.081170, 0.136501, 0.184488, 0.243426, 0.292579, 0.336545, 0.406499, 0.464866, 0.520152, 0.564288, 0.611681, 0.667645, 0.711770, 0.768999, 0.841002, 0.873882, 0.931318, 0.986583, 0.994917, ]
	 CI LB in the last trial: [-0.025134, 0.026305, 0.071701, 0.117566, 0.184156, 0.230305, 0.266294, 0.336714, 0.375055, 0.440629, 0.478147, 0.517758, 0.604699, 0.629466, 0.692104, 0.743416, 0.790772, 0.866497, 0.891490, 0.935856, ]
