----->
	 Cov Rate: 1.0 	 (0.0) 	Avg Len: 141.13858960164777 	 (2.7996118251724234) 
	 d: 20 	 n: 100000 	 B: 100 	 eta_0: 0.5 	 alpha: 0.501 	 # Trials: 500
	 True solution:           [0.000000, 0.052632, 0.105263, 0.157895, 0.210526, 0.263158, 0.315789, 0.368421, 0.421053, 0.473684, 0.526316, 0.578947, 0.631579, 0.684211, 0.736842, 0.789474, 0.842105, 0.894737, 0.947368, 1.000000, ]
	 center in last trial:    [0.001292, 0.063340, 0.097131, 0.136919, 0.219863, 0.257281, 0.324961, 0.366965, 0.430010, 0.463600, 0.513844, 0.588485, 0.644524, 0.677083, 0.719959, 0.800215, 0.826041, 0.890151, 0.950500, 1.018675, ]
	 CI UB in the last trial: [1.724220, 2.422819, 2.625821, 1.633493, 1.836001, 1.766339, 3.020371, 3.671032, 3.663066, 1.920798, 3.048549, 2.865453, 2.539319, 2.599361, 3.437054, 4.182485, 2.066455, 3.223073, 3.887356, 3.507497, ]
	 CI LB in the last trial: [-1.721636, -2.296139, -2.431558, -1.359654, -1.396274, -1.251777, -2.370449, -2.937101, -2.803045, -0.993597, -2.020862, -1.688482, -1.250272, -1.245195, -1.997136, -2.582055, -0.414373, -1.442771, -1.986355, -1.470147, ]
----->
	 Cov Rate: 0.9567 	 (0.20353159459897127) 	Avg Len: 0.015012052622465919 	 (5.618619220276122e-06) 
	 d: 20 	 n: 100000 	 B: 100 	 eta_0: 0.1 	 alpha: 0.501 	 # Trials: 500
	 True solution:           [0.000000, 0.052632, 0.105263, 0.157895, 0.210526, 0.263158, 0.315789, 0.368421, 0.421053, 0.473684, 0.526316, 0.578947, 0.631579, 0.684211, 0.736842, 0.789474, 0.842105, 0.894737, 0.947368, 1.000000, ]
	 center in last trial:    [-0.003584, 0.044877, 0.107742, 0.154555, 0.212602, 0.262555, 0.323364, 0.365874, 0.419110, 0.472967, 0.522322, 0.581770, 0.635748, 0.683044, 0.732080, 0.785470, 0.849665, 0.893588, 0.954272, 0.999035, ]
	 CI UB in the last trial: [0.009890, 0.059457, 0.122393, 0.168407, 0.227538, 0.276592, 0.338190, 0.381024, 0.434104, 0.488925, 0.537055, 0.595786, 0.648915, 0.698233, 0.745740, 0.799382, 0.866275, 0.907075, 0.968602, 1.013729, ]
	 CI LB in the last trial: [-0.017058, 0.030297, 0.093090, 0.140703, 0.197665, 0.248517, 0.308538, 0.350724, 0.404115, 0.457009, 0.507590, 0.567753, 0.622581, 0.667855, 0.718421, 0.771558, 0.833054, 0.880101, 0.939942, 0.984341, ]
----->
	 Cov Rate: 0.9473 	 (0.22343390521583786) 	Avg Len: 0.015214870329292614 	 (3.9008792941883656e-06) 
	 d: 20 	 n: 100000 	 B: 100 	 eta_0: 0.05 	 alpha: 0.501 	 # Trials: 500
	 True solution:           [0.000000, 0.052632, 0.105263, 0.157895, 0.210526, 0.263158, 0.315789, 0.368421, 0.421053, 0.473684, 0.526316, 0.578947, 0.631579, 0.684211, 0.736842, 0.789474, 0.842105, 0.894737, 0.947368, 1.000000, ]
	 center in last trial:    [-0.002675, 0.045516, 0.108189, 0.154575, 0.214572, 0.264260, 0.323761, 0.365269, 0.419301, 0.473741, 0.522095, 0.580407, 0.635766, 0.682407, 0.731472, 0.784818, 0.848761, 0.893515, 0.952359, 0.997396, ]
	 CI UB in the last trial: [0.012261, 0.061691, 0.122887, 0.168880, 0.229548, 0.278764, 0.339424, 0.380122, 0.435733, 0.490656, 0.536896, 0.594405, 0.649059, 0.696715, 0.745048, 0.799693, 0.865782, 0.907518, 0.966684, 1.012204, ]
	 CI LB in the last trial: [-0.017610, 0.029341, 0.093490, 0.140270, 0.199596, 0.249757, 0.308098, 0.350415, 0.402868, 0.456825, 0.507295, 0.566409, 0.622473, 0.668100, 0.717897, 0.769944, 0.831740, 0.879513, 0.938034, 0.982587, ]
----->
	 Cov Rate: 0.3789 	 (0.4851131723629034) 	Avg Len: 0.030900150318417117 	 (1.5412584523533343e-05) 
	 d: 20 	 n: 100000 	 B: 100 	 eta_0: 0.01 	 alpha: 0.501 	 # Trials: 500
	 True solution:           [0.000000, 0.052632, 0.105263, 0.157895, 0.210526, 0.263158, 0.315789, 0.368421, 0.421053, 0.473684, 0.526316, 0.578947, 0.631579, 0.684211, 0.736842, 0.789474, 0.842105, 0.894737, 0.947368, 1.000000, ]
	 center in last trial:    [0.034215, 0.076302, 0.129329, 0.177057, 0.243166, 0.290199, 0.338197, 0.369745, 0.420619, 0.477586, 0.520505, 0.571949, 0.626775, 0.665237, 0.709898, 0.757854, 0.821798, 0.869432, 0.913300, 0.954162, ]
	 CI UB in the last trial: [0.072039, 0.114537, 0.154409, 0.214555, 0.277524, 0.319739, 0.370160, 0.398973, 0.454813, 0.509088, 0.546108, 0.597568, 0.660884, 0.696499, 0.733130, 0.790482, 0.851205, 0.902590, 0.946185, 0.981373, ]
	 CI LB in the last trial: [-0.003609, 0.038067, 0.104249, 0.139559, 0.208808, 0.260659, 0.306234, 0.340516, 0.386426, 0.446083, 0.494901, 0.546329, 0.592666, 0.633976, 0.686667, 0.725225, 0.792392, 0.836273, 0.880415, 0.926951, ]
