----->
	 Cov Rate: 1.0 	 (0.0) 	Avg Len: 53.048857664249525 	 (0.35246156530735273) 
	 d: 20 	 n: 100000 	 B: 100 	 eta_0: 0.5 	 alpha: 0.501 	 # Trials: 500
	 True solution:           [0.000000, 0.052632, 0.105263, 0.157895, 0.210526, 0.263158, 0.315789, 0.368421, 0.421053, 0.473684, 0.526316, 0.578947, 0.631579, 0.684211, 0.736842, 0.789474, 0.842105, 0.894737, 0.947368, 1.000000, ]
	 center in last trial:    [-0.000242, 0.048637, 0.104536, 0.156111, 0.214420, 0.260372, 0.319778, 0.358463, 0.430002, 0.473581, 0.536005, 0.569136, 0.640165, 0.680543, 0.744463, 0.794649, 0.831929, 0.893770, 0.945941, 0.997688, ]
	 CI UB in the last trial: [3.521369, 2.742664, 4.282677, 2.408672, 3.200886, 4.227214, 3.246724, 4.121659, 3.651064, 2.828847, 2.486813, 3.775760, 4.035006, 4.045254, 5.277405, 3.571712, 4.430724, 4.429616, 4.926830, 2.758518, ]
	 CI LB in the last trial: [-3.521852, -2.645391, -4.073605, -2.096449, -2.772045, -3.706470, -2.607168, -3.404733, -2.791060, -1.881684, -1.414804, -2.637487, -2.754676, -2.684168, -3.788480, -1.982415, -2.766867, -2.642076, -3.034947, -0.763142, ]
----->
	 Cov Rate: 0.9607 	 (0.19430777133197732) 	Avg Len: 0.018473216734145342 	 (7.793316794402981e-06) 
	 d: 20 	 n: 100000 	 B: 100 	 eta_0: 0.1 	 alpha: 0.501 	 # Trials: 500
	 True solution:           [0.000000, 0.052632, 0.105263, 0.157895, 0.210526, 0.263158, 0.315789, 0.368421, 0.421053, 0.473684, 0.526316, 0.578947, 0.631579, 0.684211, 0.736842, 0.789474, 0.842105, 0.894737, 0.947368, 1.000000, ]
	 center in last trial:    [-0.004406, 0.051630, 0.105139, 0.153206, 0.213864, 0.260449, 0.320190, 0.360108, 0.425879, 0.473051, 0.533789, 0.571900, 0.637899, 0.677254, 0.741246, 0.796009, 0.832784, 0.898369, 0.937857, 1.001557, ]
	 CI UB in the last trial: [0.010440, 0.070311, 0.122059, 0.167777, 0.231296, 0.277786, 0.340610, 0.375895, 0.442006, 0.488905, 0.554043, 0.588836, 0.654395, 0.696391, 0.757984, 0.812091, 0.849899, 0.914447, 0.956105, 1.016153, ]
	 CI LB in the last trial: [-0.019252, 0.032948, 0.088218, 0.138635, 0.196431, 0.243112, 0.299771, 0.344320, 0.409752, 0.457197, 0.513535, 0.554965, 0.621402, 0.658117, 0.724508, 0.779927, 0.815668, 0.882291, 0.919610, 0.986961, ]
----->
	 Cov Rate: 0.9584 	 (0.19967333322204045) 	Avg Len: 0.019725099142009463 	 (7.232078793824861e-06) 
	 d: 20 	 n: 100000 	 B: 100 	 eta_0: 0.05 	 alpha: 0.501 	 # Trials: 500
	 True solution:           [0.000000, 0.052632, 0.105263, 0.157895, 0.210526, 0.263158, 0.315789, 0.368421, 0.421053, 0.473684, 0.526316, 0.578947, 0.631579, 0.684211, 0.736842, 0.789474, 0.842105, 0.894737, 0.947368, 1.000000, ]
	 center in last trial:    [-0.005579, 0.051825, 0.106774, 0.151822, 0.215240, 0.259042, 0.319898, 0.361094, 0.424727, 0.473379, 0.534650, 0.570377, 0.638033, 0.676100, 0.740683, 0.796324, 0.832241, 0.899020, 0.936957, 1.001097, ]
	 CI UB in the last trial: [0.009604, 0.070777, 0.126257, 0.168152, 0.234330, 0.276040, 0.342264, 0.378419, 0.441196, 0.490406, 0.556068, 0.589574, 0.656189, 0.697374, 0.758981, 0.813642, 0.849162, 0.917310, 0.960622, 1.017989, ]
	 CI LB in the last trial: [-0.020762, 0.032872, 0.087291, 0.135491, 0.196151, 0.242045, 0.297533, 0.343770, 0.408258, 0.456353, 0.513233, 0.551179, 0.619878, 0.654827, 0.722385, 0.779007, 0.815320, 0.880729, 0.913293, 0.984205, ]
----->
	 Cov Rate: 0.8897 	 (0.31326332373899124) 	Avg Len: 0.042031216682766145 	 (2.1948496557255004e-05) 
	 d: 20 	 n: 100000 	 B: 100 	 eta_0: 0.01 	 alpha: 0.501 	 # Trials: 500
	 True solution:           [0.000000, 0.052632, 0.105263, 0.157895, 0.210526, 0.263158, 0.315789, 0.368421, 0.421053, 0.473684, 0.526316, 0.578947, 0.631579, 0.684211, 0.736842, 0.789474, 0.842105, 0.894737, 0.947368, 1.000000, ]
	 center in last trial:    [-0.010217, 0.052125, 0.111175, 0.149155, 0.222619, 0.253368, 0.307552, 0.365216, 0.418295, 0.476242, 0.535778, 0.555691, 0.639642, 0.667015, 0.735743, 0.793463, 0.827778, 0.900334, 0.933945, 0.971884, ]
	 CI UB in the last trial: [0.017370, 0.087015, 0.153063, 0.187437, 0.261985, 0.283953, 0.343750, 0.401672, 0.450054, 0.510753, 0.580539, 0.601976, 0.678122, 0.708179, 0.772680, 0.831621, 0.862148, 0.945962, 0.998452, 1.015824, ]
	 CI LB in the last trial: [-0.037803, 0.017234, 0.069288, 0.110873, 0.183253, 0.222783, 0.271355, 0.328761, 0.386536, 0.441731, 0.491018, 0.509407, 0.601161, 0.625852, 0.698805, 0.755304, 0.793408, 0.854707, 0.869439, 0.927944, ]
