----->
	 Cov Rate: 1.0 	 (0.0) 	Avg Len: 3.153530664420664 	 (0.004944643431850494) 
	 d: 20 	 n: 1000 	 B: 10 	 eta_0: 0.5 	 alpha: 0.501 	 # Trials: 500
	 True solution:           [0.000000, 0.052632, 0.105263, 0.157895, 0.210526, 0.263158, 0.315789, 0.368421, 0.421053, 0.473684, 0.526316, 0.578947, 0.631579, 0.684211, 0.736842, 0.789474, 0.842105, 0.894737, 0.947368, 1.000000, ]
	 center in last trial:    [0.359024, -0.217858, -0.035446, -0.246646, 0.314507, 0.303643, 0.765636, 1.336084, 0.011634, -0.225551, 0.471967, 0.784390, 0.345994, -0.115421, 1.036805, 0.744615, 0.715338, 0.897712, 1.170362, 1.140070, ]
	 CI UB in the last trial: [3.116881, 4.831179, 7.202115, 4.012905, 1.656365, 1.812241, 4.961734, 8.634802, 3.023347, 5.204287, 5.724753, 6.220173, 5.173596, 8.783144, 8.966199, 6.785752, 3.580628, 5.818420, 4.550808, 2.300523, ]
	 CI LB in the last trial: [-2.398834, -5.266895, -7.273006, -4.506197, -1.027351, -1.204956, -3.430462, -5.962635, -3.000079, -5.655389, -4.780818, -4.651394, -4.481609, -9.013985, -6.892589, -5.296522, -2.149953, -4.022996, -2.210084, -0.020383, ]
----->
	 Cov Rate: 0.9954 	 (0.06766712643521962) 	Avg Len: 0.23657161540295665 	 (0.000117567125495832) 
	 d: 20 	 n: 1000 	 B: 10 	 eta_0: 0.1 	 alpha: 0.501 	 # Trials: 500
	 True solution:           [0.000000, 0.052632, 0.105263, 0.157895, 0.210526, 0.263158, 0.315789, 0.368421, 0.421053, 0.473684, 0.526316, 0.578947, 0.631579, 0.684211, 0.736842, 0.789474, 0.842105, 0.894737, 0.947368, 1.000000, ]
	 center in last trial:    [-0.004911, 0.076074, 0.100093, 0.150582, 0.222840, 0.237853, 0.295299, 0.332565, 0.412578, 0.443372, 0.504021, 0.537662, 0.606263, 0.653257, 0.736555, 0.739300, 0.786647, 0.864497, 0.896331, 0.939047, ]
	 CI UB in the last trial: [0.243479, 0.423813, 0.327459, 0.454551, 0.439927, 0.479029, 0.541545, 0.585364, 0.627466, 0.713208, 0.733635, 0.854293, 0.775396, 0.807852, 1.023520, 1.006286, 0.983695, 1.113524, 1.098003, 1.139750, ]
	 CI LB in the last trial: [-0.253300, -0.271665, -0.127272, -0.153387, 0.005752, -0.003324, 0.049053, 0.079766, 0.197690, 0.173536, 0.274406, 0.221031, 0.437129, 0.498662, 0.449589, 0.472314, 0.589600, 0.615470, 0.694658, 0.738344, ]
----->
	 Cov Rate: 0.8006 	 (0.3995492960824734) 	Avg Len: 0.2963216578664301 	 (0.00014587404001170821) 
	 d: 20 	 n: 1000 	 B: 10 	 eta_0: 0.05 	 alpha: 0.501 	 # Trials: 500
	 True solution:           [0.000000, 0.052632, 0.105263, 0.157895, 0.210526, 0.263158, 0.315789, 0.368421, 0.421053, 0.473684, 0.526316, 0.578947, 0.631579, 0.684211, 0.736842, 0.789474, 0.842105, 0.894737, 0.947368, 1.000000, ]
	 center in last trial:    [-0.007230, 0.090248, 0.087039, 0.130254, 0.206262, 0.207968, 0.262112, 0.301186, 0.359391, 0.375833, 0.445696, 0.467232, 0.519497, 0.567934, 0.652012, 0.639527, 0.690980, 0.746698, 0.783309, 0.808078, ]
	 CI UB in the last trial: [0.257910, 0.449317, 0.331246, 0.560020, 0.498240, 0.495942, 0.545867, 0.599919, 0.635730, 0.663483, 0.754116, 0.885150, 0.701104, 0.773601, 1.063328, 0.984093, 0.980675, 1.023746, 1.014312, 1.111098, ]
	 CI LB in the last trial: [-0.272370, -0.268820, -0.157169, -0.299512, -0.085716, -0.080006, -0.021644, 0.002454, 0.083051, 0.088182, 0.137276, 0.049314, 0.337890, 0.362268, 0.240696, 0.294960, 0.401285, 0.469650, 0.552306, 0.505058, ]
----->
	 Cov Rate: 0.1672 	 (0.37315433804258524) 	Avg Len: 0.20741015700851126 	 (0.00010212353582794936) 
	 d: 20 	 n: 1000 	 B: 10 	 eta_0: 0.01 	 alpha: 0.501 	 # Trials: 500
	 True solution:           [0.000000, 0.052632, 0.105263, 0.157895, 0.210526, 0.263158, 0.315789, 0.368421, 0.421053, 0.473684, 0.526316, 0.578947, 0.631579, 0.684211, 0.736842, 0.789474, 0.842105, 0.894737, 0.947368, 1.000000, ]
	 center in last trial:    [-0.003433, 0.050721, 0.031645, 0.051571, 0.090843, 0.085602, 0.107038, 0.133283, 0.141148, 0.139735, 0.176629, 0.182697, 0.203509, 0.221016, 0.262731, 0.248112, 0.281534, 0.293173, 0.307603, 0.312622, ]
	 CI UB in the last trial: [0.177043, 0.284125, 0.203524, 0.345264, 0.341612, 0.305738, 0.280747, 0.378637, 0.341333, 0.320039, 0.392727, 0.482913, 0.370271, 0.371602, 0.553220, 0.468462, 0.531482, 0.464610, 0.451501, 0.549869, ]
	 CI LB in the last trial: [-0.183910, -0.182683, -0.140234, -0.242121, -0.159927, -0.134534, -0.066670, -0.112071, -0.059036, -0.040570, -0.039468, -0.117520, 0.036747, 0.070430, -0.027757, 0.027761, 0.031587, 0.121737, 0.163704, 0.075376, ]
----->
	 Cov Rate: 1.0 	 (0.0) 	Avg Len: 0.31996503497716927 	 (0.0004952040459410722) 
	 d: 20 	 n: 10000 	 B: 10 	 eta_0: 0.5 	 alpha: 0.501 	 # Trials: 500
	 True solution:           [0.000000, 0.052632, 0.105263, 0.157895, 0.210526, 0.263158, 0.315789, 0.368421, 0.421053, 0.473684, 0.526316, 0.578947, 0.631579, 0.684211, 0.736842, 0.789474, 0.842105, 0.894737, 0.947368, 1.000000, ]
	 center in last trial:    [0.053147, 0.037409, 0.133338, 0.098813, 0.226543, 0.273042, 0.377364, 0.487653, 0.368654, 0.379559, 0.537080, 0.564646, 0.577426, 0.607493, 0.812761, 0.815315, 0.840088, 0.878785, 0.981569, 1.007296, ]
	 CI UB in the last trial: [0.509027, 0.437374, 1.023753, 0.855981, 0.362903, 0.421868, 1.104785, 1.722347, 0.844661, 1.275992, 1.139285, 1.167690, 1.363684, 1.385064, 2.130380, 1.685238, 1.060201, 1.427440, 1.473925, 1.113891, ]
	 CI LB in the last trial: [-0.402732, -0.362557, -0.757077, -0.658355, 0.090184, 0.124216, -0.350057, -0.747040, -0.107353, -0.516875, -0.065124, -0.038399, -0.208832, -0.170078, -0.504859, -0.054609, 0.619975, 0.330131, 0.489213, 0.900701, ]
----->
	 Cov Rate: 0.9997 	 (0.017317909804592472) 	Avg Len: 0.04944460397560493 	 (2.3881994923057122e-05) 
	 d: 20 	 n: 10000 	 B: 10 	 eta_0: 0.1 	 alpha: 0.501 	 # Trials: 500
	 True solution:           [0.000000, 0.052632, 0.105263, 0.157895, 0.210526, 0.263158, 0.315789, 0.368421, 0.421053, 0.473684, 0.526316, 0.578947, 0.631579, 0.684211, 0.736842, 0.789474, 0.842105, 0.894737, 0.947368, 1.000000, ]
	 center in last trial:    [0.002403, 0.053325, 0.110072, 0.156495, 0.211344, 0.264596, 0.311052, 0.370108, 0.415038, 0.471660, 0.521003, 0.573704, 0.626529, 0.679310, 0.732970, 0.784020, 0.841337, 0.887446, 0.938845, 0.992988, ]
	 CI UB in the last trial: [0.065918, 0.094573, 0.158066, 0.217922, 0.258570, 0.321968, 0.375301, 0.442624, 0.480931, 0.511291, 0.593106, 0.651907, 0.689221, 0.738598, 0.775572, 0.863333, 0.909522, 0.953920, 0.988844, 1.045778, ]
	 CI LB in the last trial: [-0.061112, 0.012076, 0.062077, 0.095067, 0.164119, 0.207225, 0.246804, 0.297592, 0.349144, 0.432029, 0.448900, 0.495500, 0.563836, 0.620022, 0.690367, 0.704708, 0.773151, 0.820971, 0.888845, 0.940199, ]
----->
	 Cov Rate: 0.9624 	 (0.1902268119903186) 	Avg Len: 0.05712259040142537 	 (2.755361653312221e-05) 
	 d: 20 	 n: 10000 	 B: 10 	 eta_0: 0.05 	 alpha: 0.501 	 # Trials: 500
	 True solution:           [0.000000, 0.052632, 0.105263, 0.157895, 0.210526, 0.263158, 0.315789, 0.368421, 0.421053, 0.473684, 0.526316, 0.578947, 0.631579, 0.684211, 0.736842, 0.789474, 0.842105, 0.894737, 0.947368, 1.000000, ]
	 center in last trial:    [0.001554, 0.055380, 0.109259, 0.154393, 0.210125, 0.261213, 0.307012, 0.365311, 0.408780, 0.464277, 0.512882, 0.563570, 0.616431, 0.668576, 0.723183, 0.771206, 0.827674, 0.873059, 0.924759, 0.975143, ]
	 CI UB in the last trial: [0.065121, 0.102715, 0.166970, 0.233569, 0.259876, 0.326874, 0.375223, 0.439512, 0.490274, 0.513245, 0.592805, 0.650500, 0.688665, 0.733464, 0.794630, 0.864673, 0.911539, 0.939022, 0.980064, 1.045020, ]
	 CI LB in the last trial: [-0.062013, 0.008045, 0.051549, 0.075216, 0.160374, 0.195552, 0.238801, 0.291109, 0.327286, 0.415309, 0.432959, 0.476640, 0.544196, 0.603688, 0.651737, 0.677739, 0.743810, 0.807097, 0.869454, 0.905267, ]
----->
	 Cov Rate: 0.1954 	 (0.39650831012729104) 	Avg Len: 0.11032953878548968 	 (5.398118682339108e-05) 
	 d: 20 	 n: 10000 	 B: 10 	 eta_0: 0.01 	 alpha: 0.501 	 # Trials: 500
	 True solution:           [0.000000, 0.052632, 0.105263, 0.157895, 0.210526, 0.263158, 0.315789, 0.368421, 0.421053, 0.473684, 0.526316, 0.578947, 0.631579, 0.684211, 0.736842, 0.789474, 0.842105, 0.894737, 0.947368, 1.000000, ]
	 center in last trial:    [-0.001906, 0.047942, 0.078847, 0.117320, 0.160797, 0.189752, 0.221517, 0.262157, 0.294140, 0.329643, 0.363120, 0.394850, 0.439702, 0.476394, 0.517191, 0.550353, 0.589701, 0.621587, 0.658091, 0.685841, ]
	 CI UB in the last trial: [0.106013, 0.156818, 0.164277, 0.266730, 0.256824, 0.312787, 0.309162, 0.395201, 0.451390, 0.425989, 0.468067, 0.535440, 0.570490, 0.591597, 0.698546, 0.689553, 0.729795, 0.699554, 0.767010, 0.818894, ]
	 CI LB in the last trial: [-0.109824, -0.060933, -0.006582, -0.032091, 0.064771, 0.066716, 0.133871, 0.129113, 0.136889, 0.233298, 0.258174, 0.254261, 0.308913, 0.361192, 0.335836, 0.411153, 0.449606, 0.543619, 0.549172, 0.552789, ]
