----->
	 Cov Rate: 0.2201 	 (0.41431387859930546) 	Avg Len: 0.050095126408219434 	 (3.502015492455467e-06) 
	 d: 20 	 n: 10000 	 R: N.A. 	 eta_0: 0.5 	 alpha: 0.501 	 # Trials: 500
	 True solution:           [0.000000, 0.052632, 0.105263, 0.157895, 0.210526, 0.263158, 0.315789, 0.368421, 0.421053, 0.473684, 0.526316, 0.578947, 0.631579, 0.684211, 0.736842, 0.789474, 0.842105, 0.894737, 0.947368, 1.000000, ]
	 center in last trial:    [-0.009057, 0.019387, 0.150618, 0.138035, 0.227302, 0.254473, 0.339064, 0.313578, 0.450218, 0.462197, 0.564511, 0.544567, 0.654676, 0.678176, 0.740594, 0.759941, 0.918344, 0.819899, 0.983433, 1.004960, ]
	 CI UB in the last trial: [0.035604, 0.069944, 0.200091, 0.188202, 0.278382, 0.305153, 0.389713, 0.364435, 0.501162, 0.512542, 0.614585, 0.593895, 0.704962, 0.729060, 0.791917, 0.810594, 0.968326, 0.871002, 1.034629, 1.050299, ]
	 CI LB in the last trial: [-0.053717, -0.031170, 0.101145, 0.087867, 0.176222, 0.203793, 0.288416, 0.262721, 0.399275, 0.411851, 0.514438, 0.495240, 0.604390, 0.627293, 0.689271, 0.709289, 0.868361, 0.768796, 0.932237, 0.959620, ]
----->
	 Cov Rate: 0.8242 	 (0.3806499179035771) 	Avg Len: 0.050095126408219434 	 (3.502015492455467e-06) 
	 d: 20 	 n: 10000 	 R: N.A. 	 eta_0: 0.1 	 alpha: 0.501 	 # Trials: 500
	 True solution:           [0.000000, 0.052632, 0.105263, 0.157895, 0.210526, 0.263158, 0.315789, 0.368421, 0.421053, 0.473684, 0.526316, 0.578947, 0.631579, 0.684211, 0.736842, 0.789474, 0.842105, 0.894737, 0.947368, 1.000000, ]
	 center in last trial:    [-0.022286, 0.068609, 0.104809, 0.145330, 0.230541, 0.248067, 0.316938, 0.389000, 0.394309, 0.482700, 0.519125, 0.585459, 0.640536, 0.660773, 0.732257, 0.789899, 0.833419, 0.909170, 0.943070, 0.995634, ]
	 CI UB in the last trial: [0.022375, 0.119166, 0.154282, 0.195497, 0.281621, 0.298748, 0.367587, 0.439857, 0.445252, 0.533046, 0.569199, 0.634787, 0.690822, 0.711656, 0.783581, 0.840551, 0.883401, 0.960273, 0.994266, 1.040973, ]
	 CI LB in the last trial: [-0.066947, 0.018053, 0.055336, 0.095162, 0.179461, 0.197387, 0.266290, 0.338143, 0.343365, 0.432355, 0.469051, 0.536132, 0.590250, 0.609889, 0.680934, 0.739247, 0.783437, 0.858067, 0.891874, 0.950295, ]
----->
	 Cov Rate: 0.692 	 (0.4616665463297075) 	Avg Len: 0.050095126408219434 	 (3.502015492455467e-06) 
	 d: 20 	 n: 10000 	 R: N.A. 	 eta_0: 0.05 	 alpha: 0.501 	 # Trials: 500
	 True solution:           [0.000000, 0.052632, 0.105263, 0.157895, 0.210526, 0.263158, 0.315789, 0.368421, 0.421053, 0.473684, 0.526316, 0.578947, 0.631579, 0.684211, 0.736842, 0.789474, 0.842105, 0.894737, 0.947368, 1.000000, ]
	 center in last trial:    [-0.034077, 0.076527, 0.104798, 0.149963, 0.229753, 0.244896, 0.310744, 0.390986, 0.394685, 0.485643, 0.522755, 0.575402, 0.641702, 0.656462, 0.727832, 0.800386, 0.819919, 0.920944, 0.928243, 0.991623, ]
	 CI UB in the last trial: [0.010583, 0.127084, 0.154271, 0.200131, 0.280833, 0.295576, 0.361393, 0.441843, 0.445628, 0.535988, 0.572829, 0.624730, 0.691988, 0.707345, 0.779156, 0.851038, 0.869901, 0.972046, 0.979439, 1.036962, ]
	 CI LB in the last trial: [-0.078738, 0.025970, 0.055325, 0.099796, 0.178674, 0.194216, 0.260095, 0.340130, 0.343741, 0.435297, 0.472682, 0.526074, 0.591416, 0.605578, 0.676509, 0.749734, 0.769937, 0.869841, 0.877047, 0.946284, ]
----->
	 Cov Rate: 0.3785 	 (0.4850131441517847) 	Avg Len: 0.050095126408219434 	 (3.502015492455467e-06) 
	 d: 20 	 n: 10000 	 R: N.A. 	 eta_0: 0.01 	 alpha: 0.501 	 # Trials: 500
	 True solution:           [0.000000, 0.052632, 0.105263, 0.157895, 0.210526, 0.263158, 0.315789, 0.368421, 0.421053, 0.473684, 0.526316, 0.578947, 0.631579, 0.684211, 0.736842, 0.789474, 0.842105, 0.894737, 0.947368, 1.000000, ]
	 center in last trial:    [-0.041299, 0.070584, 0.112240, 0.170785, 0.225249, 0.219421, 0.260258, 0.360695, 0.399314, 0.479400, 0.503889, 0.505159, 0.583599, 0.608447, 0.686834, 0.768026, 0.793648, 0.878536, 0.848017, 0.820168, ]
	 CI UB in the last trial: [0.003362, 0.121141, 0.161713, 0.220952, 0.276329, 0.270102, 0.310906, 0.411552, 0.450257, 0.529745, 0.553963, 0.554487, 0.633885, 0.659331, 0.738157, 0.818678, 0.843630, 0.929639, 0.899213, 0.865507, ]
	 CI LB in the last trial: [-0.085960, 0.020028, 0.062767, 0.120617, 0.174169, 0.168741, 0.209609, 0.309838, 0.348370, 0.429054, 0.453816, 0.455832, 0.533313, 0.557564, 0.635510, 0.717374, 0.743665, 0.827434, 0.796821, 0.774829, ]
