----->
	 Cov Rate: 0.9492 	 (0.21958907076628384) 	Avg Len: 0.12465764519436295 	 (5.905962978310826e-05) 
	 d: 20 	 n: 100000 	 R: 10 	 eta_0: 0.5 	 alpha: 0.501 	 # Trials: 500
	 True solution:           [0.000000, 0.052632, 0.105263, 0.157895, 0.210526, 0.263158, 0.315789, 0.368421, 0.421053, 0.473684, 0.526316, 0.578947, 0.631579, 0.684211, 0.736842, 0.789474, 0.842105, 0.894737, 0.947368, 1.000000, ]
	 center in last trial:    [-0.026735, 0.054178, 0.107693, 0.152617, 0.214424, 0.278875, 0.310824, 0.381696, 0.419563, 0.534410, 0.533026, 0.611018, 0.636783, 0.642493, 0.783915, 0.802286, 0.830839, 0.895720, 0.989880, 0.999695, ]
	 CI UB in the last trial: [0.058514, 0.177190, 0.207901, 0.286912, 0.339693, 0.449903, 0.418563, 0.556871, 0.612767, 0.638519, 0.688120, 0.729828, 0.773231, 0.746666, 0.892855, 0.967679, 0.928954, 1.046465, 1.073418, 1.099528, ]
	 CI LB in the last trial: [-0.111984, -0.068834, 0.007486, 0.018322, 0.089155, 0.107847, 0.203086, 0.206520, 0.226359, 0.430301, 0.377932, 0.492207, 0.500334, 0.538320, 0.674975, 0.636893, 0.732723, 0.744974, 0.906343, 0.899861, ]
----->
	 Cov Rate: 0.951 	 (0.21586801523152982) 	Avg Len: 0.05550568871584073 	 (2.6411367856148166e-05) 
	 d: 20 	 n: 100000 	 R: 10 	 eta_0: 0.1 	 alpha: 0.501 	 # Trials: 500
	 True solution:           [0.000000, 0.052632, 0.105263, 0.157895, 0.210526, 0.263158, 0.315789, 0.368421, 0.421053, 0.473684, 0.526316, 0.578947, 0.631579, 0.684211, 0.736842, 0.789474, 0.842105, 0.894737, 0.947368, 1.000000, ]
	 center in last trial:    [0.000244, 0.048310, 0.105769, 0.142634, 0.220153, 0.271963, 0.300252, 0.376225, 0.412839, 0.480907, 0.526204, 0.591788, 0.642262, 0.665872, 0.769241, 0.795023, 0.836371, 0.906634, 0.957765, 0.998132, ]
	 CI UB in the last trial: [0.057477, 0.089935, 0.151565, 0.219175, 0.259188, 0.332918, 0.344954, 0.447214, 0.487329, 0.527697, 0.601160, 0.653623, 0.699074, 0.717066, 0.824983, 0.871817, 0.886465, 0.975418, 0.988463, 1.048399, ]
	 CI LB in the last trial: [-0.056990, 0.006685, 0.059973, 0.066092, 0.181119, 0.211009, 0.255549, 0.305236, 0.338349, 0.434117, 0.451249, 0.529954, 0.585450, 0.614677, 0.713499, 0.718230, 0.786277, 0.837850, 0.927066, 0.947866, ]
----->
	 Cov Rate: 0.9511 	 (0.21565896688985597) 	Avg Len: 0.03935627170694747 	 (1.884340197295758e-05) 
	 d: 20 	 n: 100000 	 R: 10 	 eta_0: 0.05 	 alpha: 0.501 	 # Trials: 500
	 True solution:           [0.000000, 0.052632, 0.105263, 0.157895, 0.210526, 0.263158, 0.315789, 0.368421, 0.421053, 0.473684, 0.526316, 0.578947, 0.631579, 0.684211, 0.736842, 0.789474, 0.842105, 0.894737, 0.947368, 1.000000, ]
	 center in last trial:    [0.007652, 0.046346, 0.108545, 0.147128, 0.218983, 0.265504, 0.303274, 0.373278, 0.418498, 0.472127, 0.523834, 0.586429, 0.639186, 0.671475, 0.756072, 0.793115, 0.838772, 0.900434, 0.950286, 1.001803, ]
	 CI UB in the last trial: [0.052762, 0.073949, 0.145786, 0.193624, 0.251808, 0.309745, 0.336121, 0.414891, 0.459369, 0.505252, 0.577972, 0.627223, 0.680939, 0.713793, 0.799212, 0.845126, 0.880562, 0.951861, 0.975434, 1.036627, ]
	 CI LB in the last trial: [-0.037457, 0.018744, 0.071303, 0.100631, 0.186158, 0.221263, 0.270426, 0.331664, 0.377626, 0.439002, 0.469697, 0.545634, 0.597434, 0.629156, 0.712932, 0.741104, 0.796983, 0.849008, 0.925138, 0.966978, ]
----->
	 Cov Rate: 0.9397 	 (0.23804182405619395) 	Avg Len: 0.018297352264801937 	 (8.74532312213839e-06) 
	 d: 20 	 n: 100000 	 R: 10 	 eta_0: 0.01 	 alpha: 0.501 	 # Trials: 500
	 True solution:           [0.000000, 0.052632, 0.105263, 0.157895, 0.210526, 0.263158, 0.315789, 0.368421, 0.421053, 0.473684, 0.526316, 0.578947, 0.631579, 0.684211, 0.736842, 0.789474, 0.842105, 0.894737, 0.947368, 1.000000, ]
	 center in last trial:    [0.007833, 0.049623, 0.110010, 0.154195, 0.211672, 0.263208, 0.309208, 0.371948, 0.417186, 0.467877, 0.523351, 0.577425, 0.629217, 0.680161, 0.735544, 0.787453, 0.844341, 0.890864, 0.943236, 1.000617, ]
	 CI UB in the last trial: [0.026559, 0.065425, 0.131287, 0.170306, 0.230054, 0.287071, 0.324305, 0.387493, 0.432042, 0.484531, 0.544478, 0.591339, 0.645102, 0.700166, 0.755488, 0.810347, 0.866023, 0.915310, 0.958539, 1.016991, ]
	 CI LB in the last trial: [-0.010893, 0.033821, 0.088733, 0.138084, 0.193290, 0.239344, 0.294110, 0.356404, 0.402330, 0.451224, 0.502223, 0.563512, 0.613333, 0.660157, 0.715601, 0.764559, 0.822660, 0.866418, 0.927933, 0.984242, ]
----->
	 Cov Rate: 0.95 	 (0.21794494717703372) 	Avg Len: 0.285454423127663 	 (0.00029867490928430927) 
	 d: 20 	 n: 33333 	 R: 3 	 eta_0: 0.5 	 alpha: 0.501 	 # Trials: 500
	 True solution:           [0.000000, 0.052632, 0.105263, 0.157895, 0.210526, 0.263158, 0.315789, 0.368421, 0.421053, 0.473684, 0.526316, 0.578947, 0.631579, 0.684211, 0.736842, 0.789474, 0.842105, 0.894737, 0.947368, 1.000000, ]
	 center in last trial:    [0.038283, 0.081180, 0.094150, 0.175266, 0.206797, 0.194195, 0.306567, 0.382734, 0.388508, 0.446578, 0.535059, 0.554314, 0.649319, 0.697952, 0.708760, 0.765600, 0.851347, 0.926062, 0.948838, 0.915083, ]
	 CI UB in the last trial: [0.170180, 0.292008, 0.190385, 0.360350, 0.513763, 0.631937, 0.582758, 0.802574, 0.719904, 0.940037, 0.924598, 0.873062, 0.785444, 1.118516, 1.017544, 1.205367, 1.044954, 1.160992, 1.062611, 1.442800, ]
	 CI LB in the last trial: [-0.093613, -0.129647, -0.002085, -0.009819, -0.100169, -0.243547, 0.030376, -0.037105, 0.057112, -0.046882, 0.145520, 0.235566, 0.513194, 0.277388, 0.399977, 0.325833, 0.657740, 0.691132, 0.835064, 0.387365, ]
----->
	 Cov Rate: 0.949 	 (0.21999772726098785) 	Avg Len: 0.12590686798692308 	 (0.00013252514055755397) 
	 d: 20 	 n: 33333 	 R: 3 	 eta_0: 0.1 	 alpha: 0.501 	 # Trials: 500
	 True solution:           [0.000000, 0.052632, 0.105263, 0.157895, 0.210526, 0.263158, 0.315789, 0.368421, 0.421053, 0.473684, 0.526316, 0.578947, 0.631579, 0.684211, 0.736842, 0.789474, 0.842105, 0.894737, 0.947368, 1.000000, ]
	 center in last trial:    [0.015369, 0.063701, 0.109438, 0.173637, 0.226559, 0.238086, 0.319866, 0.367442, 0.401330, 0.468909, 0.523508, 0.568952, 0.648417, 0.681703, 0.733912, 0.778835, 0.837179, 0.895956, 0.949897, 0.966188, ]
	 CI UB in the last trial: [0.112714, 0.186627, 0.244157, 0.377963, 0.380856, 0.332978, 0.590637, 0.477490, 0.521973, 0.597411, 0.753408, 0.666326, 0.723627, 0.938276, 0.865556, 1.058611, 0.973376, 1.052485, 1.088866, 1.168900, ]
	 CI LB in the last trial: [-0.081976, -0.059225, -0.025282, -0.030690, 0.072261, 0.143193, 0.049095, 0.257394, 0.280686, 0.340407, 0.293608, 0.471578, 0.573207, 0.425131, 0.602267, 0.499059, 0.700981, 0.739427, 0.810928, 0.763476, ]
----->
	 Cov Rate: 0.9461 	 (0.2258202603842268) 	Avg Len: 0.2224365991807815 	 (0.00016272357363724345) 
	 d: 20 	 n: 20000 	 R: 5 	 eta_0: 0.5 	 alpha: 0.501 	 # Trials: 500
	 True solution:           [0.000000, 0.052632, 0.105263, 0.157895, 0.210526, 0.263158, 0.315789, 0.368421, 0.421053, 0.473684, 0.526316, 0.578947, 0.631579, 0.684211, 0.736842, 0.789474, 0.842105, 0.894737, 0.947368, 1.000000, ]
	 center in last trial:    [-0.033691, 0.101447, 0.060286, 0.094654, 0.188106, 0.183416, 0.364326, 0.394994, 0.406463, 0.452473, 0.467399, 0.556857, 0.635038, 0.664260, 0.795037, 0.834365, 0.871560, 0.946359, 0.858823, 0.993555, ]
	 CI UB in the last trial: [0.257214, 0.382528, 0.381255, 0.273640, 0.424048, 0.491002, 0.635377, 0.638507, 0.640145, 0.705818, 0.629680, 0.814140, 0.869874, 0.878534, 1.042960, 1.138083, 1.053052, 1.061247, 1.078661, 1.188009, ]
	 CI LB in the last trial: [-0.324597, -0.179633, -0.260682, -0.084331, -0.047836, -0.124171, 0.093274, 0.151480, 0.172781, 0.199128, 0.305119, 0.299575, 0.400202, 0.449987, 0.547114, 0.530647, 0.690069, 0.831471, 0.638986, 0.799100, ]
----->
	 Cov Rate: 0.9494 	 (0.2191794698414977) 	Avg Len: 0.09826281820543678 	 (7.16717408697051e-05) 
	 d: 20 	 n: 20000 	 R: 5 	 eta_0: 0.1 	 alpha: 0.501 	 # Trials: 500
	 True solution:           [0.000000, 0.052632, 0.105263, 0.157895, 0.210526, 0.263158, 0.315789, 0.368421, 0.421053, 0.473684, 0.526316, 0.578947, 0.631579, 0.684211, 0.736842, 0.789474, 0.842105, 0.894737, 0.947368, 1.000000, ]
	 center in last trial:    [-0.020195, 0.073028, 0.108182, 0.138965, 0.189120, 0.214054, 0.334404, 0.370892, 0.441625, 0.471361, 0.498615, 0.566563, 0.638955, 0.690682, 0.772507, 0.826218, 0.862002, 0.905933, 0.932619, 0.978671, ]
	 CI UB in the last trial: [0.107712, 0.152901, 0.209601, 0.210359, 0.310911, 0.341352, 0.393915, 0.458843, 0.540791, 0.623849, 0.564098, 0.666094, 0.775849, 0.788158, 0.907728, 0.941813, 0.983735, 0.961615, 0.973012, 1.072571, ]
	 CI LB in the last trial: [-0.148102, -0.006845, 0.006763, 0.067572, 0.067328, 0.086755, 0.274893, 0.282941, 0.342459, 0.318874, 0.433131, 0.467031, 0.502061, 0.593206, 0.637286, 0.710622, 0.740268, 0.850251, 0.892227, 0.884770, ]
----->
	 Cov Rate: 0.9553 	 (0.20664440471495954) 	Avg Len: 0.2261535095028084 	 (0.00010767574949699467) 
	 d: 20 	 n: 10000 	 R: 10 	 eta_0: 0.5 	 alpha: 0.501 	 # Trials: 500
	 True solution:           [0.000000, 0.052632, 0.105263, 0.157895, 0.210526, 0.263158, 0.315789, 0.368421, 0.421053, 0.473684, 0.526316, 0.578947, 0.631579, 0.684211, 0.736842, 0.789474, 0.842105, 0.894737, 0.947368, 1.000000, ]
	 center in last trial:    [0.065036, 0.080623, 0.093627, 0.173840, 0.151761, 0.357871, 0.366353, 0.306198, 0.458121, 0.568965, 0.610235, 0.554297, 0.618697, 0.719052, 0.705151, 0.814846, 0.837730, 0.965539, 1.016662, 1.042531, ]
	 CI UB in the last trial: [0.267818, 0.283307, 0.331484, 0.442343, 0.431810, 0.601017, 0.568064, 0.505578, 0.782428, 0.840286, 0.800880, 0.755165, 0.898109, 0.888112, 1.000208, 0.941547, 1.024987, 1.148827, 1.279251, 1.272886, ]
	 CI LB in the last trial: [-0.137745, -0.122061, -0.144231, -0.094663, -0.128288, 0.114725, 0.164641, 0.106819, 0.133815, 0.297643, 0.419589, 0.353429, 0.339285, 0.549993, 0.410093, 0.688146, 0.650473, 0.782251, 0.754073, 0.812176, ]
----->
	 Cov Rate: 0.9521 	 (0.21355465342623653) 	Avg Len: 0.10028017821899764 	 (4.79828061987484e-05) 
	 d: 20 	 n: 10000 	 R: 10 	 eta_0: 0.1 	 alpha: 0.501 	 # Trials: 500
	 True solution:           [0.000000, 0.052632, 0.105263, 0.157895, 0.210526, 0.263158, 0.315789, 0.368421, 0.421053, 0.473684, 0.526316, 0.578947, 0.631579, 0.684211, 0.736842, 0.789474, 0.842105, 0.894737, 0.947368, 1.000000, ]
	 center in last trial:    [0.038356, 0.062102, 0.097178, 0.157062, 0.195697, 0.278532, 0.333478, 0.360335, 0.411230, 0.524042, 0.557382, 0.554688, 0.650847, 0.712728, 0.726099, 0.796553, 0.845448, 0.922839, 0.950544, 1.017266, ]
	 CI UB in the last trial: [0.148653, 0.164164, 0.235560, 0.245458, 0.289932, 0.371081, 0.450509, 0.468586, 0.522029, 0.631013, 0.651363, 0.656808, 0.770642, 0.817779, 0.829827, 0.870276, 0.963847, 1.001156, 1.088858, 1.112985, ]
	 CI LB in the last trial: [-0.071941, -0.039959, -0.041205, 0.068666, 0.101462, 0.185983, 0.216448, 0.252085, 0.300430, 0.417071, 0.463402, 0.452567, 0.531052, 0.607676, 0.622372, 0.722830, 0.727050, 0.844523, 0.812230, 0.921547, ]
