----->
	 Cov Rate: 0.8782 	 (0.32705467432831475) 	Avg Len: 0.40577132679629735 	 (0.0021120595880349284) 
	 d: 20 	 n: 100000 	 R: 3 	 eta_0: 0.5 	 alpha: 0.501 	 # Trials: 500
	 True solution:           [0.000000, 0.052632, 0.105263, 0.157895, 0.210526, 0.263158, 0.315789, 0.368421, 0.421053, 0.473684, 0.526316, 0.578947, 0.631579, 0.684211, 0.736842, 0.789474, 0.842105, 0.894737, 0.947368, 1.000000, ]
	 center in last trial:    [-0.006747, 0.062691, 0.092501, 0.150807, 0.219431, 0.259552, 0.317273, 0.362641, 0.418771, 0.478996, 0.511518, 0.593148, 0.619023, 0.689911, 0.731249, 0.785365, 0.837593, 0.907653, 0.929324, 1.008129, ]
	 CI UB in the last trial: [0.073549, 0.229464, 0.270977, 0.303894, 0.303021, 0.464081, 0.562858, 0.446723, 0.708239, 0.510906, 0.725450, 0.728010, 0.796754, 1.030944, 0.980541, 0.895538, 1.081315, 1.077092, 1.135917, 1.183103, ]
	 CI LB in the last trial: [-0.087043, -0.104083, -0.085975, -0.002281, 0.135840, 0.055022, 0.071688, 0.278559, 0.129302, 0.447086, 0.297586, 0.458287, 0.441293, 0.348878, 0.481957, 0.675192, 0.593872, 0.738214, 0.722731, 0.833154, ]
----->
	 Cov Rate: 0.9495 	 (0.21897431356211622) 	Avg Len: 0.03302277410360528 	 (3.429248286789427e-05) 
	 d: 20 	 n: 100000 	 R: 3 	 eta_0: 0.1 	 alpha: 0.501 	 # Trials: 500
	 True solution:           [0.000000, 0.052632, 0.105263, 0.157895, 0.210526, 0.263158, 0.315789, 0.368421, 0.421053, 0.473684, 0.526316, 0.578947, 0.631579, 0.684211, 0.736842, 0.789474, 0.842105, 0.894737, 0.947368, 1.000000, ]
	 center in last trial:    [-0.000440, 0.055605, 0.097260, 0.154194, 0.209424, 0.261836, 0.320339, 0.366778, 0.421274, 0.472454, 0.525868, 0.581578, 0.628638, 0.685272, 0.733180, 0.790715, 0.842285, 0.894567, 0.940458, 1.003250, ]
	 CI UB in the last trial: [0.017274, 0.085628, 0.136441, 0.191486, 0.240468, 0.273620, 0.333459, 0.394260, 0.480260, 0.498470, 0.549840, 0.604854, 0.650160, 0.723715, 0.743376, 0.819470, 0.863213, 0.938856, 0.955916, 1.015247, ]
	 CI LB in the last trial: [-0.018154, 0.025583, 0.058079, 0.116902, 0.178381, 0.250052, 0.307219, 0.339295, 0.362288, 0.446438, 0.501895, 0.558303, 0.607115, 0.646829, 0.722984, 0.761961, 0.821357, 0.850278, 0.924999, 0.991252, ]
----->
	 Cov Rate: 0.951 	 (0.21586801523152985) 	Avg Len: 0.03672217356072736 	 (3.8384370152225274e-05) 
	 d: 20 	 n: 100000 	 R: 3 	 eta_0: 0.05 	 alpha: 0.501 	 # Trials: 500
	 True solution:           [0.000000, 0.052632, 0.105263, 0.157895, 0.210526, 0.263158, 0.315789, 0.368421, 0.421053, 0.473684, 0.526316, 0.578947, 0.631579, 0.684211, 0.736842, 0.789474, 0.842105, 0.894737, 0.947368, 1.000000, ]
	 center in last trial:    [-0.000741, 0.055280, 0.098386, 0.153171, 0.209966, 0.262063, 0.318651, 0.366927, 0.421199, 0.473835, 0.526031, 0.579616, 0.630162, 0.683573, 0.733410, 0.791634, 0.840950, 0.895439, 0.940043, 1.001773, ]
	 CI UB in the last trial: [0.018675, 0.092503, 0.132540, 0.191492, 0.240659, 0.276244, 0.336234, 0.386902, 0.471153, 0.500509, 0.537209, 0.611568, 0.641397, 0.715990, 0.742211, 0.822846, 0.856019, 0.937359, 0.960294, 1.019521, ]
	 CI LB in the last trial: [-0.020158, 0.018056, 0.064231, 0.114850, 0.179274, 0.247881, 0.301067, 0.346952, 0.371244, 0.447161, 0.514854, 0.547665, 0.618926, 0.651155, 0.724610, 0.760421, 0.825882, 0.853519, 0.919792, 0.984025, ]
----->
	 Cov Rate: 0.9211 	 (0.2695826218434712) 	Avg Len: 0.0831235950165476 	 (8.926324661990737e-05) 
	 d: 20 	 n: 100000 	 R: 3 	 eta_0: 0.01 	 alpha: 0.501 	 # Trials: 500
	 True solution:           [0.000000, 0.052632, 0.105263, 0.157895, 0.210526, 0.263158, 0.315789, 0.368421, 0.421053, 0.473684, 0.526316, 0.578947, 0.631579, 0.684211, 0.736842, 0.789474, 0.842105, 0.894737, 0.947368, 1.000000, ]
	 center in last trial:    [-0.003839, 0.053738, 0.104101, 0.151027, 0.213791, 0.261442, 0.301419, 0.371607, 0.419960, 0.480391, 0.521218, 0.564719, 0.636172, 0.670618, 0.730551, 0.792209, 0.832327, 0.898908, 0.939037, 0.965386, ]
	 CI UB in the last trial: [0.029382, 0.106962, 0.170638, 0.211081, 0.287966, 0.366057, 0.374423, 0.473590, 0.484174, 0.512125, 0.624601, 0.666370, 0.709193, 0.709148, 0.751375, 0.844878, 0.908791, 0.922267, 1.004126, 1.042440, ]
	 CI LB in the last trial: [-0.037060, 0.000514, 0.037563, 0.090973, 0.139616, 0.156827, 0.228416, 0.269624, 0.355746, 0.448656, 0.417835, 0.463069, 0.563150, 0.632088, 0.709728, 0.739539, 0.755863, 0.875548, 0.873947, 0.888333, ]
