----->
	 Cov Rate: 0.8789 	 (0.3262434520415697) 	Avg Len: 0.0222632775923196 	 (2.7200048076113444e-05) 
	 d: 100 	 n: 100000 	 R: 3 	 eta_0: 0.1 	 alpha: 0.501 	 # Trials: 500
	 True solution:           [0.000000, 0.010101, 0.020202, 0.030303, 0.040404, 0.050505, 0.060606, 0.070707, 0.080808, 0.090909, 0.101010, 0.111111, 0.121212, 0.131313, 0.141414, 0.151515, 0.161616, 0.171717, 0.181818, 0.191919, 0.202020, 0.212121, 0.222222, 0.232323, 0.242424, 0.252525, 0.262626, 0.272727, 0.282828, 0.292929, 0.303030, 0.313131, 0.323232, 0.333333, 0.343434, 0.353535, 0.363636, 0.373737, 0.383838, 0.393939, 0.404040, 0.414141, 0.424242, 0.434343, 0.444444, 0.454545, 0.464646, 0.474747, 0.484848, 0.494949, 0.505051, 0.515152, 0.525253, 0.535354, 0.545455, 0.555556, 0.565657, 0.575758, 0.585859, 0.595960, 0.606061, 0.616162, 0.626263, 0.636364, 0.646465, 0.656566, 0.666667, 0.676768, 0.686869, 0.696970, 0.707071, 0.717172, 0.727273, 0.737374, 0.747475, 0.757576, 0.767677, 0.777778, 0.787879, 0.797980, 0.808081, 0.818182, 0.828283, 0.838384, 0.848485, 0.858586, 0.868687, 0.878788, 0.888889, 0.898990, 0.909091, 0.919192, 0.929293, 0.939394, 0.949495, 0.959596, 0.969697, 0.979798, 0.989899, 1.000000, ]
	 center in last trial:    [-0.000527, 0.011908, 0.018113, 0.029192, 0.032334, 0.054278, 0.052597, 0.071200, 0.079639, 0.098900, 0.100107, 0.112608, 0.117429, 0.124255, 0.143299, 0.147885, 0.163408, 0.170531, 0.190804, 0.191840, 0.197791, 0.207506, 0.224896, 0.229987, 0.246464, 0.251738, 0.263564, 0.280824, 0.275181, 0.289838, 0.303578, 0.304819, 0.320603, 0.340504, 0.331769, 0.346054, 0.364608, 0.370660, 0.387817, 0.384748, 0.396027, 0.412864, 0.420259, 0.431256, 0.441191, 0.457865, 0.470094, 0.473775, 0.492337, 0.490004, 0.500578, 0.515378, 0.533011, 0.528499, 0.552129, 0.556728, 0.577394, 0.585346, 0.588309, 0.605092, 0.607050, 0.625269, 0.629610, 0.639289, 0.645695, 0.659048, 0.668390, 0.680278, 0.692355, 0.700341, 0.706674, 0.717658, 0.737887, 0.729440, 0.746217, 0.759038, 0.767104, 0.776070, 0.787194, 0.794022, 0.806602, 0.820563, 0.824700, 0.844470, 0.848877, 0.859455, 0.865362, 0.881883, 0.881564, 0.908426, 0.918551, 0.918492, 0.930009, 0.942542, 0.950079, 0.962808, 0.971985, 0.986052, 0.983340, 0.994709, ]
	 CI UB in the last trial: [0.021780, 0.015109, 0.019610, 0.043592, 0.068148, 0.066463, 0.066544, 0.102494, 0.110093, 0.161549, 0.121752, 0.125405, 0.159956, 0.144151, 0.166128, 0.157938, 0.188823, 0.201255, 0.203452, 0.232736, 0.217837, 0.233882, 0.274820, 0.259725, 0.248125, 0.277161, 0.279508, 0.299620, 0.298459, 0.296787, 0.308308, 0.367240, 0.330041, 0.351646, 0.352287, 0.355758, 0.383938, 0.398322, 0.395119, 0.400549, 0.449673, 0.449510, 0.451186, 0.454624, 0.445355, 0.463868, 0.485726, 0.503407, 0.516314, 0.523685, 0.519042, 0.566315, 0.544859, 0.536051, 0.606427, 0.560000, 0.600900, 0.602042, 0.619387, 0.629461, 0.630089, 0.658433, 0.652074, 0.662807, 0.683566, 0.690897, 0.676029, 0.716720, 0.704032, 0.705503, 0.730233, 0.750454, 0.752030, 0.749111, 0.797851, 0.803287, 0.809692, 0.797051, 0.802826, 0.815934, 0.823516, 0.843923, 0.840027, 0.871136, 0.890720, 0.887368, 0.867004, 0.900562, 0.885677, 0.916496, 0.946533, 0.960197, 0.979317, 0.958259, 0.974960, 0.987853, 1.002876, 0.997480, 1.008449, 1.021096, ]
	 CI LB in the last trial: [-0.022834, 0.008706, 0.016615, 0.014793, -0.003479, 0.042093, 0.038649, 0.039906, 0.049185, 0.036252, 0.078462, 0.099811, 0.074901, 0.104358, 0.120471, 0.137831, 0.137993, 0.139808, 0.178156, 0.150944, 0.177744, 0.181130, 0.174972, 0.200248, 0.244804, 0.226315, 0.247621, 0.262028, 0.251904, 0.282889, 0.298848, 0.242399, 0.311166, 0.329361, 0.311251, 0.336350, 0.345278, 0.342997, 0.380515, 0.368946, 0.342380, 0.376219, 0.389332, 0.407889, 0.437028, 0.451863, 0.454461, 0.444143, 0.468361, 0.456323, 0.482115, 0.464441, 0.521163, 0.520946, 0.497831, 0.553456, 0.553889, 0.568650, 0.557232, 0.580723, 0.584012, 0.592104, 0.607146, 0.615770, 0.607825, 0.627200, 0.660751, 0.643837, 0.680677, 0.695179, 0.683115, 0.684861, 0.723743, 0.709770, 0.694584, 0.714788, 0.724515, 0.755089, 0.771562, 0.772110, 0.789689, 0.797203, 0.809373, 0.817804, 0.807034, 0.831541, 0.863720, 0.863203, 0.877451, 0.900356, 0.890570, 0.876788, 0.880700, 0.926825, 0.925198, 0.937762, 0.941095, 0.974624, 0.958230, 0.968322, ]
----->
	 Cov Rate: 0.60828 	 (0.4881346551926015) 	Avg Len: 0.06641995680043167 	 (7.038104748432934e-05) 
	 d: 100 	 n: 100000 	 R: 3 	 eta_0: 0.01 	 alpha: 0.501 	 # Trials: 500
	 True solution:           [0.000000, 0.010101, 0.020202, 0.030303, 0.040404, 0.050505, 0.060606, 0.070707, 0.080808, 0.090909, 0.101010, 0.111111, 0.121212, 0.131313, 0.141414, 0.151515, 0.161616, 0.171717, 0.181818, 0.191919, 0.202020, 0.212121, 0.222222, 0.232323, 0.242424, 0.252525, 0.262626, 0.272727, 0.282828, 0.292929, 0.303030, 0.313131, 0.323232, 0.333333, 0.343434, 0.353535, 0.363636, 0.373737, 0.383838, 0.393939, 0.404040, 0.414141, 0.424242, 0.434343, 0.444444, 0.454545, 0.464646, 0.474747, 0.484848, 0.494949, 0.505051, 0.515152, 0.525253, 0.535354, 0.545455, 0.555556, 0.565657, 0.575758, 0.585859, 0.595960, 0.606061, 0.616162, 0.626263, 0.636364, 0.646465, 0.656566, 0.666667, 0.676768, 0.686869, 0.696970, 0.707071, 0.717172, 0.727273, 0.737374, 0.747475, 0.757576, 0.767677, 0.777778, 0.787879, 0.797980, 0.808081, 0.818182, 0.828283, 0.838384, 0.848485, 0.858586, 0.868687, 0.878788, 0.888889, 0.898990, 0.909091, 0.919192, 0.929293, 0.939394, 0.949495, 0.959596, 0.969697, 0.979798, 0.989899, 1.000000, ]
	 center in last trial:    [0.007169, 0.012944, 0.027481, 0.016888, 0.017045, 0.059761, 0.051628, 0.069944, 0.083931, 0.094968, 0.081795, 0.109791, 0.123508, 0.115905, 0.134999, 0.137704, 0.167428, 0.165646, 0.183359, 0.183010, 0.210283, 0.194374, 0.187342, 0.223113, 0.234866, 0.238326, 0.267441, 0.273268, 0.256239, 0.278354, 0.277138, 0.288803, 0.295534, 0.301568, 0.328259, 0.312185, 0.350971, 0.347303, 0.370878, 0.347192, 0.376534, 0.394251, 0.404532, 0.407336, 0.436208, 0.436408, 0.438522, 0.456273, 0.467367, 0.459998, 0.477086, 0.487882, 0.498624, 0.496602, 0.523493, 0.535023, 0.534557, 0.551967, 0.555794, 0.569385, 0.578811, 0.577073, 0.596966, 0.609870, 0.617095, 0.639662, 0.627298, 0.648274, 0.647753, 0.665488, 0.668371, 0.683681, 0.691261, 0.691574, 0.716119, 0.714590, 0.725131, 0.742506, 0.752890, 0.740839, 0.767544, 0.780497, 0.795961, 0.796782, 0.806919, 0.805771, 0.830310, 0.836218, 0.842534, 0.858219, 0.868685, 0.872797, 0.874725, 0.898952, 0.915725, 0.924614, 0.916315, 0.929480, 0.942415, 0.942798, ]
	 CI UB in the last trial: [0.085695, 0.050301, 0.050634, 0.045601, 0.094213, 0.098340, 0.163500, 0.117582, 0.158599, 0.186142, 0.114311, 0.165164, 0.214159, 0.178668, 0.246554, 0.164244, 0.192749, 0.214532, 0.205975, 0.315318, 0.251077, 0.226785, 0.246245, 0.267603, 0.287463, 0.313364, 0.317180, 0.327097, 0.328923, 0.293858, 0.353004, 0.351188, 0.412006, 0.328717, 0.423291, 0.360505, 0.417782, 0.466262, 0.489337, 0.421526, 0.406011, 0.425876, 0.487910, 0.442330, 0.535880, 0.513609, 0.558546, 0.560656, 0.609198, 0.560674, 0.565890, 0.558972, 0.521677, 0.557830, 0.591165, 0.581833, 0.578398, 0.658412, 0.598212, 0.592997, 0.668241, 0.651506, 0.601267, 0.651746, 0.661126, 0.708242, 0.667333, 0.672949, 0.663916, 0.711671, 0.686883, 0.719612, 0.706790, 0.787621, 0.739666, 0.821908, 0.824911, 0.778733, 0.863011, 0.773098, 0.825824, 0.845138, 0.883948, 0.835445, 0.816029, 0.846778, 0.871572, 0.878284, 1.003690, 0.929803, 0.922001, 0.992258, 0.925646, 0.965668, 1.007480, 1.010268, 1.025714, 0.962099, 1.015132, 0.972859, ]
	 CI LB in the last trial: [-0.071357, -0.024413, 0.004329, -0.011825, -0.060124, 0.021181, -0.060244, 0.022306, 0.009262, 0.003794, 0.049280, 0.054419, 0.032858, 0.053141, 0.023443, 0.111163, 0.142108, 0.116759, 0.160743, 0.050703, 0.169489, 0.161963, 0.128439, 0.178624, 0.182270, 0.163288, 0.217702, 0.219440, 0.183555, 0.262851, 0.201273, 0.226419, 0.179061, 0.274419, 0.233227, 0.263864, 0.284159, 0.228344, 0.252420, 0.272857, 0.347057, 0.362627, 0.321153, 0.372342, 0.336537, 0.359208, 0.318498, 0.351890, 0.325537, 0.359323, 0.388283, 0.416793, 0.475570, 0.435375, 0.455820, 0.488213, 0.490715, 0.445523, 0.513377, 0.545773, 0.489382, 0.502639, 0.592665, 0.567995, 0.573064, 0.571082, 0.587262, 0.623598, 0.631590, 0.619306, 0.649858, 0.647749, 0.675733, 0.595527, 0.692573, 0.607273, 0.625352, 0.706279, 0.642769, 0.708580, 0.709265, 0.715855, 0.707975, 0.758120, 0.797809, 0.764763, 0.789048, 0.794152, 0.681378, 0.786636, 0.815369, 0.753336, 0.823804, 0.832236, 0.823971, 0.838960, 0.806916, 0.896861, 0.869699, 0.912736, ]
----->
	 Cov Rate: 0.84466 	 (0.3622284974984713) 	Avg Len: 0.015541330104695161 	 (1.4171502961172782e-05) 
	 d: 100 	 n: 100000 	 R: 5 	 eta_0: 0.1 	 alpha: 0.501 	 # Trials: 500
	 True solution:           [0.000000, 0.010101, 0.020202, 0.030303, 0.040404, 0.050505, 0.060606, 0.070707, 0.080808, 0.090909, 0.101010, 0.111111, 0.121212, 0.131313, 0.141414, 0.151515, 0.161616, 0.171717, 0.181818, 0.191919, 0.202020, 0.212121, 0.222222, 0.232323, 0.242424, 0.252525, 0.262626, 0.272727, 0.282828, 0.292929, 0.303030, 0.313131, 0.323232, 0.333333, 0.343434, 0.353535, 0.363636, 0.373737, 0.383838, 0.393939, 0.404040, 0.414141, 0.424242, 0.434343, 0.444444, 0.454545, 0.464646, 0.474747, 0.484848, 0.494949, 0.505051, 0.515152, 0.525253, 0.535354, 0.545455, 0.555556, 0.565657, 0.575758, 0.585859, 0.595960, 0.606061, 0.616162, 0.626263, 0.636364, 0.646465, 0.656566, 0.666667, 0.676768, 0.686869, 0.696970, 0.707071, 0.717172, 0.727273, 0.737374, 0.747475, 0.757576, 0.767677, 0.777778, 0.787879, 0.797980, 0.808081, 0.818182, 0.828283, 0.838384, 0.848485, 0.858586, 0.868687, 0.878788, 0.888889, 0.898990, 0.909091, 0.919192, 0.929293, 0.939394, 0.949495, 0.959596, 0.969697, 0.979798, 0.989899, 1.000000, ]
	 center in last trial:    [-0.000527, 0.011908, 0.018113, 0.029192, 0.032334, 0.054278, 0.052597, 0.071200, 0.079639, 0.098900, 0.100107, 0.112608, 0.117429, 0.124255, 0.143299, 0.147885, 0.163408, 0.170531, 0.190804, 0.191840, 0.197791, 0.207506, 0.224896, 0.229987, 0.246464, 0.251738, 0.263564, 0.280824, 0.275181, 0.289838, 0.303578, 0.304819, 0.320603, 0.340504, 0.331769, 0.346054, 0.364608, 0.370660, 0.387817, 0.384748, 0.396027, 0.412864, 0.420259, 0.431256, 0.441191, 0.457865, 0.470094, 0.473775, 0.492337, 0.490004, 0.500578, 0.515378, 0.533011, 0.528499, 0.552129, 0.556728, 0.577394, 0.585346, 0.588309, 0.605092, 0.607050, 0.625269, 0.629610, 0.639289, 0.645695, 0.659048, 0.668390, 0.680278, 0.692355, 0.700341, 0.706674, 0.717658, 0.737887, 0.729440, 0.746217, 0.759038, 0.767104, 0.776070, 0.787194, 0.794022, 0.806602, 0.820563, 0.824700, 0.844470, 0.848877, 0.859455, 0.865362, 0.881883, 0.881564, 0.908426, 0.918551, 0.918492, 0.930009, 0.942542, 0.950079, 0.962808, 0.971985, 0.986052, 0.983340, 0.994709, ]
	 CI UB in the last trial: [0.021012, 0.014731, 0.026788, 0.044778, 0.049051, 0.075653, 0.061643, 0.085893, 0.094350, 0.127987, 0.113141, 0.130318, 0.144002, 0.140438, 0.159427, 0.154439, 0.175545, 0.185845, 0.205125, 0.212828, 0.207353, 0.219557, 0.247753, 0.246342, 0.255801, 0.267650, 0.277826, 0.292863, 0.289903, 0.299643, 0.324057, 0.339058, 0.327349, 0.346705, 0.346511, 0.362017, 0.384016, 0.391943, 0.402016, 0.393513, 0.425916, 0.439397, 0.435042, 0.445100, 0.455701, 0.477270, 0.480905, 0.490555, 0.503751, 0.510285, 0.511190, 0.538795, 0.539589, 0.541204, 0.581834, 0.563982, 0.588337, 0.599391, 0.609848, 0.623636, 0.617741, 0.640838, 0.647226, 0.654096, 0.664693, 0.673699, 0.672605, 0.701258, 0.705335, 0.706072, 0.721998, 0.735408, 0.745466, 0.740568, 0.770174, 0.782288, 0.792471, 0.788677, 0.805238, 0.805898, 0.819586, 0.837648, 0.841882, 0.859569, 0.868347, 0.877508, 0.883371, 0.894205, 0.904903, 0.919285, 0.933962, 0.938855, 0.953328, 0.953892, 0.963073, 0.974923, 0.990825, 0.995207, 0.995468, 1.007564, ]
	 CI LB in the last trial: [-0.022066, 0.009084, 0.009437, 0.013607, 0.015618, 0.032902, 0.043550, 0.056507, 0.064928, 0.069813, 0.087073, 0.094899, 0.090855, 0.108071, 0.127171, 0.141330, 0.151271, 0.155217, 0.176483, 0.170853, 0.188228, 0.195455, 0.202038, 0.213631, 0.237128, 0.235825, 0.249303, 0.268785, 0.260460, 0.280033, 0.283099, 0.270580, 0.313858, 0.334303, 0.317027, 0.330090, 0.345201, 0.349377, 0.373618, 0.375982, 0.366137, 0.386332, 0.405476, 0.417413, 0.426682, 0.438461, 0.459282, 0.456995, 0.480924, 0.469723, 0.489966, 0.491961, 0.526433, 0.515793, 0.522424, 0.549474, 0.566452, 0.571300, 0.566771, 0.586548, 0.596360, 0.609700, 0.611995, 0.624481, 0.626698, 0.644398, 0.664176, 0.659299, 0.679374, 0.694611, 0.691350, 0.699907, 0.730308, 0.718313, 0.722260, 0.735787, 0.741736, 0.763463, 0.769149, 0.782146, 0.793618, 0.803479, 0.807517, 0.829371, 0.829407, 0.841401, 0.847354, 0.869560, 0.858225, 0.897567, 0.903141, 0.898130, 0.906689, 0.931192, 0.937085, 0.950692, 0.953146, 0.976897, 0.971211, 0.981854, ]
----->
	 Cov Rate: 0.44782 	 (0.49726979357286527) 	Avg Len: 0.04566591370368469 	 (3.3700002585408524e-05) 
	 d: 100 	 n: 100000 	 R: 5 	 eta_0: 0.01 	 alpha: 0.501 	 # Trials: 500
	 True solution:           [0.000000, 0.010101, 0.020202, 0.030303, 0.040404, 0.050505, 0.060606, 0.070707, 0.080808, 0.090909, 0.101010, 0.111111, 0.121212, 0.131313, 0.141414, 0.151515, 0.161616, 0.171717, 0.181818, 0.191919, 0.202020, 0.212121, 0.222222, 0.232323, 0.242424, 0.252525, 0.262626, 0.272727, 0.282828, 0.292929, 0.303030, 0.313131, 0.323232, 0.333333, 0.343434, 0.353535, 0.363636, 0.373737, 0.383838, 0.393939, 0.404040, 0.414141, 0.424242, 0.434343, 0.444444, 0.454545, 0.464646, 0.474747, 0.484848, 0.494949, 0.505051, 0.515152, 0.525253, 0.535354, 0.545455, 0.555556, 0.565657, 0.575758, 0.585859, 0.595960, 0.606061, 0.616162, 0.626263, 0.636364, 0.646465, 0.656566, 0.666667, 0.676768, 0.686869, 0.696970, 0.707071, 0.717172, 0.727273, 0.737374, 0.747475, 0.757576, 0.767677, 0.777778, 0.787879, 0.797980, 0.808081, 0.818182, 0.828283, 0.838384, 0.848485, 0.858586, 0.868687, 0.878788, 0.888889, 0.898990, 0.909091, 0.919192, 0.929293, 0.939394, 0.949495, 0.959596, 0.969697, 0.979798, 0.989899, 1.000000, ]
	 center in last trial:    [0.007169, 0.012944, 0.027481, 0.016888, 0.017045, 0.059761, 0.051628, 0.069944, 0.083931, 0.094968, 0.081795, 0.109791, 0.123508, 0.115905, 0.134999, 0.137704, 0.167428, 0.165646, 0.183359, 0.183010, 0.210283, 0.194374, 0.187342, 0.223113, 0.234866, 0.238326, 0.267441, 0.273268, 0.256239, 0.278354, 0.277138, 0.288803, 0.295534, 0.301568, 0.328259, 0.312185, 0.350971, 0.347303, 0.370878, 0.347192, 0.376534, 0.394251, 0.404532, 0.407336, 0.436208, 0.436408, 0.438522, 0.456273, 0.467367, 0.459998, 0.477086, 0.487882, 0.498624, 0.496602, 0.523493, 0.535023, 0.534557, 0.551967, 0.555794, 0.569385, 0.578811, 0.577073, 0.596966, 0.609870, 0.617095, 0.639662, 0.627298, 0.648274, 0.647753, 0.665488, 0.668371, 0.683681, 0.691261, 0.691574, 0.716119, 0.714590, 0.725131, 0.742506, 0.752890, 0.740839, 0.767544, 0.780497, 0.795961, 0.796782, 0.806919, 0.805771, 0.830310, 0.836218, 0.842534, 0.858219, 0.868685, 0.872797, 0.874725, 0.898952, 0.915725, 0.924614, 0.916315, 0.929480, 0.942415, 0.942798, ]
	 CI UB in the last trial: [0.049046, 0.049627, 0.046965, 0.045156, 0.059090, 0.102794, 0.116000, 0.109064, 0.122714, 0.137341, 0.114882, 0.163091, 0.170960, 0.146180, 0.199121, 0.169257, 0.182574, 0.205646, 0.196735, 0.279035, 0.255341, 0.215104, 0.223163, 0.278084, 0.259331, 0.274531, 0.292090, 0.310981, 0.299199, 0.333778, 0.330875, 0.328392, 0.372441, 0.355628, 0.374581, 0.354420, 0.402807, 0.401985, 0.442360, 0.384138, 0.397597, 0.417914, 0.455013, 0.446140, 0.481828, 0.512560, 0.496533, 0.505951, 0.533237, 0.524696, 0.524084, 0.551419, 0.523499, 0.543805, 0.581271, 0.563516, 0.569000, 0.604780, 0.615505, 0.586142, 0.633977, 0.619757, 0.622210, 0.637956, 0.641501, 0.671462, 0.674480, 0.696121, 0.689577, 0.698413, 0.692804, 0.709718, 0.707354, 0.746334, 0.743955, 0.774216, 0.786302, 0.783841, 0.805274, 0.775788, 0.802697, 0.815495, 0.852379, 0.817511, 0.831308, 0.829995, 0.924371, 0.889629, 0.934697, 0.908026, 0.912105, 0.928360, 0.908079, 0.974323, 0.965330, 0.991671, 0.967391, 0.960935, 0.982925, 0.965480, ]
	 CI LB in the last trial: [-0.034708, -0.023739, 0.007998, -0.011380, -0.025000, 0.016728, -0.012744, 0.030823, 0.045147, 0.052595, 0.048708, 0.056492, 0.076057, 0.085629, 0.070877, 0.106151, 0.152282, 0.125645, 0.169984, 0.086986, 0.165225, 0.173644, 0.151521, 0.168143, 0.210402, 0.202121, 0.242792, 0.235556, 0.213280, 0.222931, 0.223402, 0.249215, 0.218627, 0.247508, 0.281938, 0.269950, 0.299134, 0.292622, 0.299397, 0.310245, 0.355470, 0.370589, 0.354050, 0.368532, 0.390589, 0.360257, 0.380512, 0.406595, 0.401498, 0.395301, 0.430089, 0.424346, 0.473748, 0.449400, 0.465714, 0.506530, 0.500113, 0.499155, 0.496084, 0.552627, 0.523645, 0.534388, 0.571722, 0.581785, 0.592690, 0.607862, 0.580116, 0.600427, 0.605929, 0.632563, 0.643937, 0.657643, 0.675168, 0.636814, 0.688283, 0.654964, 0.663961, 0.701171, 0.700505, 0.705890, 0.732392, 0.745498, 0.739544, 0.776054, 0.782531, 0.781546, 0.736249, 0.782808, 0.750371, 0.808413, 0.825264, 0.817234, 0.841371, 0.823581, 0.866120, 0.857556, 0.865238, 0.898024, 0.901906, 0.920115, ]
