----->
	 Cov Rate: 1.0 	 (0.0) 	Avg Len: 223.88183163369064 	 (2.3990360966786812) 
	 d: 20 	 n: 10000 	 B: 10 	 eta_0: 0.5 	 alpha: 0.501 	 # Trials: 500
	 True solution:           [0.000000, 0.052632, 0.105263, 0.157895, 0.210526, 0.263158, 0.315789, 0.368421, 0.421053, 0.473684, 0.526316, 0.578947, 0.631579, 0.684211, 0.736842, 0.789474, 0.842105, 0.894737, 0.947368, 1.000000, ]
	 center in last trial:    [0.085220, 0.313263, 0.001873, -0.094914, 0.370465, 0.201651, 0.313756, 0.366461, 0.607100, 0.355861, 0.383947, 0.637815, 0.772551, 0.550459, 0.536102, 0.984463, 0.474769, 0.852742, 0.886841, 1.288166, ]
	 CI UB in the last trial: [242.458684, 48.256227, 320.391120, 203.636922, 194.576114, 216.429444, 317.570260, 214.079295, 101.253639, 191.206550, 165.916339, 33.436277, 148.008846, 342.242370, 198.174039, 51.640586, 115.450656, 116.954163, 153.059615, 144.646618, ]
	 CI LB in the last trial: [-242.288245, -47.629702, -320.387374, -203.826749, -193.835184, -216.026142, -316.942749, -213.346373, -100.039439, -190.494829, -165.148444, -32.160648, -146.463744, -341.141452, -197.101835, -49.671661, -114.501117, -115.248679, -151.285934, -142.070285, ]
----->
	 Cov Rate: 0.9701 	 (0.1703114499967633) 	Avg Len: 0.07502243163092198 	 (7.955901425765288e-05) 
	 d: 20 	 n: 10000 	 B: 10 	 eta_0: 0.1 	 alpha: 0.501 	 # Trials: 500
	 True solution:           [0.000000, 0.052632, 0.105263, 0.157895, 0.210526, 0.263158, 0.315789, 0.368421, 0.421053, 0.473684, 0.526316, 0.578947, 0.631579, 0.684211, 0.736842, 0.789474, 0.842105, 0.894737, 0.947368, 1.000000, ]
	 center in last trial:    [-0.000278, 0.052294, 0.123337, 0.170924, 0.217532, 0.287613, 0.309534, 0.362855, 0.444452, 0.486587, 0.524801, 0.569430, 0.623975, 0.655272, 0.729371, 0.762561, 0.825853, 0.890783, 0.949854, 0.986912, ]
	 CI UB in the last trial: [0.088232, 0.163903, 0.196675, 0.252088, 0.288520, 0.364821, 0.377274, 0.487731, 0.524074, 0.552975, 0.598401, 0.603701, 0.687993, 0.744125, 0.801754, 0.921494, 0.935466, 1.005475, 1.038683, 1.056104, ]
	 CI LB in the last trial: [-0.088788, -0.059315, 0.050000, 0.089760, 0.146544, 0.210405, 0.241793, 0.237978, 0.364829, 0.420199, 0.451202, 0.535159, 0.559957, 0.566419, 0.656988, 0.603627, 0.716239, 0.776092, 0.861025, 0.917720, ]
----->
	 Cov Rate: 0.9322 	 (0.2514023866235164) 	Avg Len: 0.08097564053413084 	 (6.591411435616829e-05) 
	 d: 20 	 n: 10000 	 B: 10 	 eta_0: 0.05 	 alpha: 0.501 	 # Trials: 500
	 True solution:           [0.000000, 0.052632, 0.105263, 0.157895, 0.210526, 0.263158, 0.315789, 0.368421, 0.421053, 0.473684, 0.526316, 0.578947, 0.631579, 0.684211, 0.736842, 0.789474, 0.842105, 0.894737, 0.947368, 1.000000, ]
	 center in last trial:    [0.011429, 0.058831, 0.126083, 0.166169, 0.238793, 0.305329, 0.319891, 0.358555, 0.442788, 0.493973, 0.518408, 0.563785, 0.626126, 0.658516, 0.719500, 0.752978, 0.820873, 0.887000, 0.931277, 0.968485, ]
	 CI UB in the last trial: [0.105247, 0.170849, 0.220347, 0.254144, 0.346902, 0.382793, 0.386604, 0.503431, 0.522642, 0.546823, 0.605021, 0.619352, 0.703033, 0.759930, 0.794182, 0.916227, 0.919773, 0.993189, 1.026618, 1.045358, ]
	 CI LB in the last trial: [-0.082390, -0.053187, 0.031819, 0.078193, 0.130684, 0.227865, 0.253177, 0.213679, 0.362935, 0.441123, 0.431794, 0.508218, 0.549219, 0.557102, 0.644817, 0.589729, 0.721973, 0.780810, 0.835936, 0.891613, ]
----->
	 Cov Rate: 0.3703 	 (0.4828849863062632) 	Avg Len: 0.14832709301878816 	 (0.0001153616256272376) 
	 d: 20 	 n: 10000 	 B: 10 	 eta_0: 0.01 	 alpha: 0.501 	 # Trials: 500
	 True solution:           [0.000000, 0.052632, 0.105263, 0.157895, 0.210526, 0.263158, 0.315789, 0.368421, 0.421053, 0.473684, 0.526316, 0.578947, 0.631579, 0.684211, 0.736842, 0.789474, 0.842105, 0.894737, 0.947368, 1.000000, ]
	 center in last trial:    [0.175553, 0.200578, 0.221356, 0.250308, 0.381270, 0.406766, 0.392374, 0.369856, 0.442242, 0.498811, 0.476177, 0.532734, 0.576025, 0.606413, 0.602801, 0.621385, 0.702527, 0.769212, 0.734170, 0.753425, ]
	 CI UB in the last trial: [0.348068, 0.346622, 0.384094, 0.426611, 0.625780, 0.603822, 0.525174, 0.556179, 0.571668, 0.680088, 0.647617, 0.608382, 0.772724, 0.833892, 0.740706, 0.831619, 0.855848, 1.003786, 0.884390, 0.932642, ]
	 CI LB in the last trial: [0.003039, 0.054533, 0.058618, 0.074004, 0.136759, 0.209711, 0.259573, 0.183533, 0.312817, 0.317534, 0.304737, 0.457087, 0.379327, 0.378934, 0.464895, 0.411151, 0.549206, 0.534637, 0.583951, 0.574209, ]
----->
	 Cov Rate: 1.0 	 (0.0) 	Avg Len: 2458.3461504974553 	 (24.885500594544936) 
	 d: 20 	 n: 1000 	 B: 10 	 eta_0: 0.5 	 alpha: 0.501 	 # Trials: 500
	 True solution:           [0.000000, 0.052632, 0.105263, 0.157895, 0.210526, 0.263158, 0.315789, 0.368421, 0.421053, 0.473684, 0.526316, 0.578947, 0.631579, 0.684211, 0.736842, 0.789474, 0.842105, 0.894737, 0.947368, 1.000000, ]
	 center in last trial:    [1.180266, 3.057584, -1.234382, -3.005260, 2.216281, -0.549373, 0.458114, 0.431394, 2.368551, -1.046560, -1.128537, 1.229400, 2.269107, -0.473277, -1.623784, 3.274656, -3.282581, 0.501368, 0.388912, 4.325903, ]
	 CI UB in the last trial: [4687.603561, 4697.104279, 4356.335670, 277.354334, 778.217435, 193.486303, 5648.123369, 1313.570602, 684.759384, 526.242934, 1719.187256, 1890.316734, 1632.917794, 2766.177159, 1381.422697, 1782.835188, 1399.750847, 877.692155, 1447.141646, 1145.317263, ]
	 CI LB in the last trial: [-4685.243029, -4690.989110, -4358.804434, -283.364854, -773.784872, -194.585049, -5647.207140, -1312.707814, -680.022282, -528.336054, -1721.444330, -1887.857934, -1628.379579, -2767.123713, -1384.670266, -1776.285876, -1406.316009, -876.689419, -1446.363823, -1136.665457, ]
----->
	 Cov Rate: 0.9809 	 (0.13687655021953177) 	Avg Len: 0.5216922321184254 	 (0.0008595512029193693) 
	 d: 20 	 n: 1000 	 B: 10 	 eta_0: 0.1 	 alpha: 0.501 	 # Trials: 500
	 True solution:           [0.000000, 0.052632, 0.105263, 0.157895, 0.210526, 0.263158, 0.315789, 0.368421, 0.421053, 0.473684, 0.526316, 0.578947, 0.631579, 0.684211, 0.736842, 0.789474, 0.842105, 0.894737, 0.947368, 1.000000, ]
	 center in last trial:    [0.091343, 0.045320, 0.098809, 0.127577, 0.326880, 0.360011, 0.368573, 0.434459, 0.465539, 0.512748, 0.498728, 0.517530, 0.575880, 0.648084, 0.553001, 0.665224, 0.784133, 0.962650, 0.997955, 0.914040, ]
	 CI UB in the last trial: [0.382600, 0.746097, 0.604262, 0.555343, 0.593601, 0.676468, 0.703666, 0.874871, 1.026645, 0.831285, 1.159126, 0.829596, 1.011770, 0.957956, 0.796463, 1.233520, 1.093418, 1.236478, 1.368657, 1.247766, ]
	 CI LB in the last trial: [-0.199914, -0.655457, -0.406645, -0.300188, 0.060159, 0.043554, 0.033479, -0.005952, -0.095567, 0.194211, -0.161669, 0.205463, 0.139990, 0.338212, 0.309539, 0.096928, 0.474847, 0.688821, 0.627252, 0.580314, ]
----->
	 Cov Rate: 0.8951 	 (0.3064245257808193) 	Avg Len: 0.45508064338259474 	 (0.0005075964624579591) 
	 d: 20 	 n: 1000 	 B: 10 	 eta_0: 0.05 	 alpha: 0.501 	 # Trials: 500
	 True solution:           [0.000000, 0.052632, 0.105263, 0.157895, 0.210526, 0.263158, 0.315789, 0.368421, 0.421053, 0.473684, 0.526316, 0.578947, 0.631579, 0.684211, 0.736842, 0.789474, 0.842105, 0.894737, 0.947368, 1.000000, ]
	 center in last trial:    [0.156983, 0.108960, 0.139743, 0.127180, 0.435292, 0.438475, 0.440239, 0.417943, 0.438247, 0.527445, 0.469849, 0.506655, 0.580810, 0.692776, 0.497750, 0.590849, 0.745404, 0.929228, 0.853051, 0.805917, ]
	 CI UB in the last trial: [0.457544, 0.776664, 0.513795, 0.484498, 0.804340, 0.757333, 0.782239, 0.689256, 1.123095, 0.778192, 0.969103, 0.762045, 0.971636, 1.028415, 0.688308, 1.164004, 1.089296, 1.345379, 1.096274, 1.097839, ]
	 CI LB in the last trial: [-0.143579, -0.558744, -0.234308, -0.230139, 0.066244, 0.119617, 0.098239, 0.146630, -0.246600, 0.276697, -0.029405, 0.251266, 0.189983, 0.357136, 0.307193, 0.017693, 0.401512, 0.513078, 0.609828, 0.513995, ]
----->
	 Cov Rate: 0.3665 	 (0.48184826449827534) 	Avg Len: 0.28027234486797853 	 (0.00023408470733663115) 
	 d: 20 	 n: 1000 	 B: 10 	 eta_0: 0.01 	 alpha: 0.501 	 # Trials: 500
	 True solution:           [0.000000, 0.052632, 0.105263, 0.157895, 0.210526, 0.263158, 0.315789, 0.368421, 0.421053, 0.473684, 0.526316, 0.578947, 0.631579, 0.684211, 0.736842, 0.789474, 0.842105, 0.894737, 0.947368, 1.000000, ]
	 center in last trial:    [0.293263, 0.268467, 0.249829, 0.248554, 0.459071, 0.436513, 0.428458, 0.345005, 0.369175, 0.429258, 0.358183, 0.426333, 0.431707, 0.497077, 0.376700, 0.392942, 0.507329, 0.601670, 0.485038, 0.475885, ]
	 CI UB in the last trial: [0.527107, 0.632317, 0.395496, 0.525192, 0.829574, 0.613760, 0.662929, 0.466427, 0.777099, 0.566326, 0.580688, 0.649434, 0.681741, 0.714513, 0.523340, 0.705003, 0.856156, 0.977697, 0.755839, 0.682121, ]
	 CI LB in the last trial: [0.059419, -0.095383, 0.104163, -0.028084, 0.088569, 0.259266, 0.193988, 0.223583, -0.038749, 0.292190, 0.135679, 0.203231, 0.181672, 0.279641, 0.230060, 0.080880, 0.158502, 0.225643, 0.214236, 0.269648, ]
