----->
	 Cov Rate: 1.0 	 (0.0) 	Avg Len: 69.62518563139948 	 (1.222494871648401) 
	 d: 20 	 n: 10000 	 B: 50 	 eta_0: 0.5 	 alpha: 0.501 	 # Trials: 500
	 True solution:           [0.000000, 0.052632, 0.105263, 0.157895, 0.210526, 0.263158, 0.315789, 0.368421, 0.421053, 0.473684, 0.526316, 0.578947, 0.631579, 0.684211, 0.736842, 0.789474, 0.842105, 0.894737, 0.947368, 1.000000, ]
	 center in last trial:    [0.020576, 0.094228, 0.053982, 0.111952, 0.182090, 0.229498, 0.278290, 0.379818, 0.391625, 0.462234, 0.509377, 0.536587, 0.631278, 0.650755, 0.708158, 0.828935, 0.829494, 0.862550, 1.010071, 1.039420, ]
	 CI UB in the last trial: [205.151159, 63.005433, 94.694955, 27.068399, 49.766838, 76.621319, 34.720779, 33.555163, 60.487531, 63.451538, 26.126818, 25.586644, 53.910693, 114.684093, 53.179162, 85.793810, 57.758433, 130.030141, 69.115051, 42.572479, ]
	 CI LB in the last trial: [-205.110006, -62.816978, -94.586992, -26.844494, -49.402658, -76.162322, -34.164199, -32.795527, -59.704281, -62.527070, -25.108064, -24.513470, -52.648138, -113.382582, -51.762845, -84.135940, -56.099445, -128.305042, -67.094909, -40.493638, ]
----->
	 Cov Rate: 0.9608 	 (0.19407050265303072) 	Avg Len: 0.050525118215968313 	 (1.676188312134772e-05) 
	 d: 20 	 n: 10000 	 B: 50 	 eta_0: 0.1 	 alpha: 0.501 	 # Trials: 500
	 True solution:           [0.000000, 0.052632, 0.105263, 0.157895, 0.210526, 0.263158, 0.315789, 0.368421, 0.421053, 0.473684, 0.526316, 0.578947, 0.631579, 0.684211, 0.736842, 0.789474, 0.842105, 0.894737, 0.947368, 1.000000, ]
	 center in last trial:    [-0.010247, 0.043315, 0.103964, 0.146003, 0.207380, 0.268662, 0.305076, 0.362232, 0.413148, 0.474008, 0.534164, 0.584483, 0.634607, 0.680908, 0.733652, 0.811220, 0.824570, 0.880096, 0.944401, 0.993583, ]
	 CI UB in the last trial: [0.031558, 0.094099, 0.145227, 0.201530, 0.269992, 0.316460, 0.344351, 0.426117, 0.469593, 0.521664, 0.584640, 0.639049, 0.701397, 0.735410, 0.790923, 0.866457, 0.885488, 0.939321, 0.998658, 1.045875, ]
	 CI LB in the last trial: [-0.052052, -0.007469, 0.062701, 0.090476, 0.144769, 0.220864, 0.265802, 0.298347, 0.356704, 0.426353, 0.483688, 0.529918, 0.567817, 0.626405, 0.676380, 0.755982, 0.763652, 0.820871, 0.890143, 0.941292, ]
----->
	 Cov Rate: 0.8605 	 (0.3464675309462634) 	Avg Len: 0.0551985322390022 	 (1.787693473751517e-05) 
	 d: 20 	 n: 10000 	 B: 50 	 eta_0: 0.05 	 alpha: 0.501 	 # Trials: 500
	 True solution:           [0.000000, 0.052632, 0.105263, 0.157895, 0.210526, 0.263158, 0.315789, 0.368421, 0.421053, 0.473684, 0.526316, 0.578947, 0.631579, 0.684211, 0.736842, 0.789474, 0.842105, 0.894737, 0.947368, 1.000000, ]
	 center in last trial:    [-0.017580, 0.049254, 0.103786, 0.148304, 0.211438, 0.269799, 0.299624, 0.359161, 0.406827, 0.467657, 0.524618, 0.573192, 0.629176, 0.676430, 0.727490, 0.802826, 0.817349, 0.867021, 0.927294, 0.975571, ]
	 CI UB in the last trial: [0.031201, 0.097838, 0.147721, 0.211064, 0.280464, 0.317199, 0.346668, 0.430768, 0.476229, 0.520548, 0.577921, 0.622980, 0.698456, 0.743455, 0.801427, 0.860845, 0.889533, 0.934079, 0.982899, 1.036136, ]
	 CI LB in the last trial: [-0.066362, 0.000670, 0.059852, 0.085544, 0.142412, 0.222399, 0.252580, 0.287553, 0.337425, 0.414766, 0.471314, 0.523404, 0.559896, 0.609405, 0.653553, 0.744807, 0.745166, 0.799962, 0.871689, 0.915006, ]
----->
	 Cov Rate: 0.1781 	 (0.38259690275798103) 	Avg Len: 0.1002115209444724 	 (4.191983250138566e-05) 
	 d: 20 	 n: 10000 	 B: 50 	 eta_0: 0.01 	 alpha: 0.501 	 # Trials: 500
	 True solution:           [0.000000, 0.052632, 0.105263, 0.157895, 0.210526, 0.263158, 0.315789, 0.368421, 0.421053, 0.473684, 0.526316, 0.578947, 0.631579, 0.684211, 0.736842, 0.789474, 0.842105, 0.894737, 0.947368, 1.000000, ]
	 center in last trial:    [-0.031954, 0.064091, 0.076661, 0.114303, 0.175038, 0.208630, 0.222479, 0.272874, 0.295184, 0.332220, 0.362473, 0.393715, 0.466339, 0.489840, 0.532079, 0.583402, 0.606109, 0.618355, 0.652898, 0.684087, ]
	 CI UB in the last trial: [0.080864, 0.154475, 0.177427, 0.234591, 0.326165, 0.310737, 0.342407, 0.396022, 0.411475, 0.443828, 0.454373, 0.473997, 0.584417, 0.623004, 0.689046, 0.717050, 0.742944, 0.729410, 0.751309, 0.786250, ]
	 CI LB in the last trial: [-0.144772, -0.026293, -0.024104, -0.005984, 0.023911, 0.106523, 0.102550, 0.149727, 0.178892, 0.220612, 0.270573, 0.313433, 0.348261, 0.356675, 0.375111, 0.449754, 0.469274, 0.507300, 0.554487, 0.581924, ]
