----->
	 Cov Rate: 1.0 	 (0.0) 	Avg Len: 49.460923953282574 	 (0.36090823512208414) 
	 d: 20 	 n: 10000 	 B: 100 	 eta_0: 0.5 	 alpha: 0.501 	 # Trials: 500
	 True solution:           [0.000000, 0.052632, 0.105263, 0.157895, 0.210526, 0.263158, 0.315789, 0.368421, 0.421053, 0.473684, 0.526316, 0.578947, 0.631579, 0.684211, 0.736842, 0.789474, 0.842105, 0.894737, 0.947368, 1.000000, ]
	 center in last trial:    [0.061095, 0.143883, 0.040160, 0.132592, 0.189437, 0.263383, 0.298234, 0.417670, 0.401593, 0.445554, 0.477789, 0.531444, 0.669163, 0.634728, 0.715359, 0.775462, 0.830434, 0.851572, 1.022418, 1.093732, ]
	 CI UB in the last trial: [13.498308, 31.527251, 39.686647, 38.856390, 44.293412, 62.655357, 11.277888, 21.997160, 42.388061, 71.988589, 59.134357, 30.772433, 36.605003, 17.380790, 25.560475, 34.762592, 41.029470, 50.752656, 14.737605, 64.891314, ]
	 CI LB in the last trial: [-13.376117, -31.239486, -39.606327, -38.591206, -43.914538, -62.128590, -10.681420, -21.161819, -41.584875, -71.097481, -58.178778, -29.709545, -35.266676, -16.111333, -24.129758, -33.211668, -39.368602, -49.049513, -12.692769, -62.703850, ]
----->
	 Cov Rate: 0.9602 	 (0.19548902782509306) 	Avg Len: 0.049473911059712244 	 (1.35054619777124e-05) 
	 d: 20 	 n: 10000 	 B: 100 	 eta_0: 0.1 	 alpha: 0.501 	 # Trials: 500
	 True solution:           [0.000000, 0.052632, 0.105263, 0.157895, 0.210526, 0.263158, 0.315789, 0.368421, 0.421053, 0.473684, 0.526316, 0.578947, 0.631579, 0.684211, 0.736842, 0.789474, 0.842105, 0.894737, 0.947368, 1.000000, ]
	 center in last trial:    [0.013847, 0.055901, 0.108364, 0.153245, 0.200115, 0.277974, 0.319477, 0.367392, 0.418859, 0.467421, 0.524533, 0.588086, 0.635899, 0.680222, 0.744149, 0.785632, 0.853504, 0.878268, 0.935527, 0.997286, ]
	 CI UB in the last trial: [0.074435, 0.112803, 0.163957, 0.216170, 0.260044, 0.328876, 0.370971, 0.417123, 0.475768, 0.529027, 0.579331, 0.655303, 0.689772, 0.732509, 0.807066, 0.847529, 0.918571, 0.931560, 0.997620, 1.064375, ]
	 CI LB in the last trial: [-0.046742, -0.001001, 0.052771, 0.090321, 0.140185, 0.227072, 0.267983, 0.317660, 0.361951, 0.405816, 0.469734, 0.520870, 0.582026, 0.627935, 0.681233, 0.723734, 0.788437, 0.824976, 0.873435, 0.930198, ]
----->
	 Cov Rate: 0.8584 	 (0.34863941257408065) 	Avg Len: 0.0541256879602215 	 (1.498586265767187e-05) 
	 d: 20 	 n: 10000 	 B: 100 	 eta_0: 0.05 	 alpha: 0.501 	 # Trials: 500
	 True solution:           [0.000000, 0.052632, 0.105263, 0.157895, 0.210526, 0.263158, 0.315789, 0.368421, 0.421053, 0.473684, 0.526316, 0.578947, 0.631579, 0.684211, 0.736842, 0.789474, 0.842105, 0.894737, 0.947368, 1.000000, ]
	 center in last trial:    [0.007514, 0.056570, 0.109688, 0.154040, 0.198154, 0.282563, 0.316000, 0.359094, 0.415244, 0.457302, 0.516125, 0.577805, 0.627603, 0.672755, 0.737476, 0.778128, 0.850154, 0.864592, 0.918565, 0.974517, ]
	 CI UB in the last trial: [0.067737, 0.113116, 0.161703, 0.223303, 0.269452, 0.341308, 0.370958, 0.416590, 0.481441, 0.519623, 0.573248, 0.635842, 0.685828, 0.729686, 0.808588, 0.838491, 0.919278, 0.923293, 0.987179, 1.044546, ]
	 CI LB in the last trial: [-0.052708, 0.000024, 0.057673, 0.084778, 0.126855, 0.223817, 0.261042, 0.301597, 0.349047, 0.394981, 0.459002, 0.519768, 0.569378, 0.615824, 0.666364, 0.717765, 0.781030, 0.805890, 0.849951, 0.904487, ]
----->
	 Cov Rate: 0.1735 	 (0.37867895373257815) 	Avg Len: 0.09844228224660057 	 (3.8202505289364296e-05) 
	 d: 20 	 n: 10000 	 B: 100 	 eta_0: 0.01 	 alpha: 0.501 	 # Trials: 500
	 True solution:           [0.000000, 0.052632, 0.105263, 0.157895, 0.210526, 0.263158, 0.315789, 0.368421, 0.421053, 0.473684, 0.526316, 0.578947, 0.631579, 0.684211, 0.736842, 0.789474, 0.842105, 0.894737, 0.947368, 1.000000, ]
	 center in last trial:    [-0.017641, 0.067988, 0.099235, 0.116527, 0.145486, 0.221270, 0.236132, 0.262425, 0.309660, 0.316686, 0.359592, 0.399250, 0.457996, 0.476320, 0.544903, 0.566836, 0.641859, 0.609540, 0.649057, 0.671876, ]
	 CI UB in the last trial: [0.097645, 0.165226, 0.190150, 0.240544, 0.322163, 0.353621, 0.360948, 0.369728, 0.443090, 0.438165, 0.465132, 0.480761, 0.565741, 0.600936, 0.669010, 0.684409, 0.828266, 0.719287, 0.753252, 0.782861, ]
	 CI LB in the last trial: [-0.132927, -0.029249, 0.008319, -0.007491, -0.031192, 0.088919, 0.111316, 0.155122, 0.176230, 0.195207, 0.254053, 0.317739, 0.350252, 0.351703, 0.420796, 0.449263, 0.455451, 0.499794, 0.544862, 0.560891, ]
