----->
	 Cov Rate: 0.9999 	 (0.009999499987499378) 	Avg Len: 38.1475867286139 	 (1.0785901371095896) 
	 d: 20 	 n: 10000 	 B: 5 	 eta_0: 0.5 	 alpha: 0.501 	 # Trials: 500
	 True solution:           [0.000000, 0.052632, 0.105263, 0.157895, 0.210526, 0.263158, 0.315789, 0.368421, 0.421053, 0.473684, 0.526316, 0.578947, 0.631579, 0.684211, 0.736842, 0.789474, 0.842105, 0.894737, 0.947368, 1.000000, ]
	 center in last trial:    [0.028506, 0.130595, 0.057095, 0.145209, 0.208482, 0.256920, 0.286691, 0.391657, 0.425194, 0.462410, 0.456662, 0.529833, 0.667908, 0.643647, 0.708435, 0.791757, 0.838024, 0.863102, 1.003942, 1.077380, ]
	 CI UB in the last trial: [23.879980, 36.541858, 36.502786, 35.700409, 68.025932, 3.535997, 25.416658, 11.726848, 34.003157, 24.671409, 27.839651, 5.202987, 12.809234, 38.185178, 26.613646, 45.581672, 28.197845, 36.674584, 19.862912, 22.800912, ]
	 CI LB in the last trial: [-23.822967, -36.280668, -36.388596, -35.409991, -67.608968, -3.022157, -24.843276, -10.943533, -33.152768, -23.746589, -26.926328, -4.143321, -11.473418, -36.897884, -25.196776, -43.998158, -26.521797, -34.948379, -17.855028, -20.646152, ]
----->
	 Cov Rate: 0.9578 	 (0.2010451690541208) 	Avg Len: 0.0611182508061322 	 (4.483313544477569e-05) 
	 d: 20 	 n: 10000 	 B: 5 	 eta_0: 0.1 	 alpha: 0.501 	 # Trials: 500
	 True solution:           [0.000000, 0.052632, 0.105263, 0.157895, 0.210526, 0.263158, 0.315789, 0.368421, 0.421053, 0.473684, 0.526316, 0.578947, 0.631579, 0.684211, 0.736842, 0.789474, 0.842105, 0.894737, 0.947368, 1.000000, ]
	 center in last trial:    [-0.007670, 0.065715, 0.115834, 0.169822, 0.214293, 0.278224, 0.307050, 0.354443, 0.445877, 0.474576, 0.496221, 0.582104, 0.650308, 0.679564, 0.738934, 0.790562, 0.850902, 0.899513, 0.941821, 0.999536, ]
	 CI UB in the last trial: [0.052788, 0.133156, 0.166810, 0.239996, 0.274815, 0.355340, 0.357939, 0.388339, 0.507786, 0.574115, 0.649547, 0.638494, 0.719619, 0.722262, 0.809083, 0.856136, 0.904973, 0.976828, 1.068887, 1.065121, ]
	 CI LB in the last trial: [-0.068128, -0.001726, 0.064858, 0.099649, 0.153772, 0.201108, 0.256161, 0.320547, 0.383968, 0.375037, 0.342895, 0.525713, 0.580996, 0.636865, 0.668785, 0.724987, 0.796831, 0.822198, 0.814755, 0.933952, ]
----->
	 Cov Rate: 0.8845 	 (0.3196243889317585) 	Avg Len: 0.06737069867874336 	 (5.006529076642635e-05) 
	 d: 20 	 n: 10000 	 B: 5 	 eta_0: 0.05 	 alpha: 0.501 	 # Trials: 500
	 True solution:           [0.000000, 0.052632, 0.105263, 0.157895, 0.210526, 0.263158, 0.315789, 0.368421, 0.421053, 0.473684, 0.526316, 0.578947, 0.631579, 0.684211, 0.736842, 0.789474, 0.842105, 0.894737, 0.947368, 1.000000, ]
	 center in last trial:    [-0.007580, 0.068680, 0.114408, 0.171803, 0.213276, 0.281779, 0.303214, 0.351859, 0.442384, 0.462738, 0.491780, 0.572453, 0.641571, 0.670011, 0.731853, 0.781595, 0.847094, 0.888077, 0.931789, 0.980662, ]
	 CI UB in the last trial: [0.042902, 0.141742, 0.171191, 0.241445, 0.301863, 0.408144, 0.381390, 0.385923, 0.522802, 0.551777, 0.648096, 0.631843, 0.707665, 0.720898, 0.808284, 0.862137, 0.911440, 0.982686, 1.087920, 1.079091, ]
	 CI LB in the last trial: [-0.058062, -0.004382, 0.057625, 0.102160, 0.124689, 0.155414, 0.225037, 0.317796, 0.361967, 0.373700, 0.335465, 0.513063, 0.575477, 0.619124, 0.655422, 0.701053, 0.782748, 0.793468, 0.775658, 0.882233, ]
----->
	 Cov Rate: 0.2096 	 (0.4070231443050874) 	Avg Len: 0.1223384851817349 	 (9.732188935977185e-05) 
	 d: 20 	 n: 10000 	 B: 5 	 eta_0: 0.01 	 alpha: 0.501 	 # Trials: 500
	 True solution:           [0.000000, 0.052632, 0.105263, 0.157895, 0.210526, 0.263158, 0.315789, 0.368421, 0.421053, 0.473684, 0.526316, 0.578947, 0.631579, 0.684211, 0.736842, 0.789474, 0.842105, 0.894737, 0.947368, 1.000000, ]
	 center in last trial:    [-0.002565, 0.075626, 0.084929, 0.131896, 0.164662, 0.226223, 0.213257, 0.267673, 0.334090, 0.317697, 0.349382, 0.398072, 0.468810, 0.472921, 0.535376, 0.563915, 0.638995, 0.631289, 0.676316, 0.681973, ]
	 CI UB in the last trial: [0.164419, 0.261789, 0.195611, 0.248561, 0.514613, 0.463296, 0.456977, 0.370582, 0.599344, 0.484021, 0.573846, 0.448329, 0.593632, 0.590871, 0.677506, 0.775290, 0.985419, 0.854726, 0.852299, 0.802354, ]
	 CI LB in the last trial: [-0.169549, -0.110537, -0.025753, 0.015231, -0.185289, -0.010850, -0.030464, 0.164763, 0.068837, 0.151374, 0.124918, 0.347816, 0.343988, 0.354972, 0.393246, 0.352539, 0.292571, 0.407853, 0.500334, 0.561593, ]
----->
	 Cov Rate: 1.0 	 (0.0) 	Avg Len: 88.27833803918003 	 (0.7849622904347549) 
	 d: 20 	 n: 2000 	 B: 5 	 eta_0: 0.5 	 alpha: 0.501 	 # Trials: 500
	 True solution:           [0.000000, 0.052632, 0.105263, 0.157895, 0.210526, 0.263158, 0.315789, 0.368421, 0.421053, 0.473684, 0.526316, 0.578947, 0.631579, 0.684211, 0.736842, 0.789474, 0.842105, 0.894737, 0.947368, 1.000000, ]
	 center in last trial:    [0.265858, 0.489005, -0.229633, -0.034377, 0.142188, 0.200488, 0.178146, 0.511643, 0.341087, 0.328640, 0.307578, 0.224219, 0.755539, 0.447811, 0.593889, 0.845668, 0.826241, 0.683384, 1.360359, 1.476318, ]
	 CI UB in the last trial: [12.963443, 7.721360, 10.163396, 20.147268, 6.387536, 16.043536, 23.301298, 12.607180, 10.368244, 18.835141, 18.162125, 27.259577, 18.211136, 16.989647, 6.621407, 24.962311, 6.625299, 16.845998, 15.529387, 23.180382, ]
	 CI LB in the last trial: [-12.431726, -6.743349, -10.622663, -20.216021, -6.103160, -15.642561, -22.945005, -11.583893, -9.686071, -18.177862, -17.546970, -26.811138, -16.700058, -16.094024, -5.433629, -23.270976, -4.972818, -15.479229, -12.808670, -20.227746, ]
----->
	 Cov Rate: 0.9601 	 (0.1957242703396796) 	Avg Len: 0.2037692874413698 	 (0.0001882833916931423) 
	 d: 20 	 n: 2000 	 B: 5 	 eta_0: 0.1 	 alpha: 0.501 	 # Trials: 500
	 True solution:           [0.000000, 0.052632, 0.105263, 0.157895, 0.210526, 0.263158, 0.315789, 0.368421, 0.421053, 0.473684, 0.526316, 0.578947, 0.631579, 0.684211, 0.736842, 0.789474, 0.842105, 0.894737, 0.947368, 1.000000, ]
	 center in last trial:    [0.037270, 0.110162, 0.123294, 0.112757, 0.189827, 0.342395, 0.262477, 0.315484, 0.435322, 0.439110, 0.496624, 0.552777, 0.628391, 0.708810, 0.774316, 0.827237, 0.896874, 0.838005, 0.951397, 1.027861, ]
	 CI UB in the last trial: [0.173790, 0.431551, 0.423557, 0.392178, 0.754710, 0.554299, 0.643820, 0.497323, 0.699604, 0.744152, 0.908739, 1.056828, 0.949888, 0.888472, 1.228905, 1.135073, 1.084287, 1.090579, 1.256045, 1.337682, ]
	 CI LB in the last trial: [-0.099249, -0.211227, -0.176969, -0.166663, -0.375057, 0.130491, -0.118865, 0.133645, 0.171040, 0.134067, 0.084510, 0.048726, 0.306894, 0.529147, 0.319727, 0.519402, 0.709462, 0.585431, 0.646750, 0.718041, ]
----->
	 Cov Rate: 0.8169 	 (0.3867484841599253) 	Avg Len: 0.228513191686742 	 (0.00019169208529388064) 
	 d: 20 	 n: 2000 	 B: 5 	 eta_0: 0.05 	 alpha: 0.501 	 # Trials: 500
	 True solution:           [0.000000, 0.052632, 0.105263, 0.157895, 0.210526, 0.263158, 0.315789, 0.368421, 0.421053, 0.473684, 0.526316, 0.578947, 0.631579, 0.684211, 0.736842, 0.789474, 0.842105, 0.894737, 0.947368, 1.000000, ]
	 center in last trial:    [0.028133, 0.134801, 0.117152, 0.110950, 0.195213, 0.349107, 0.252896, 0.296240, 0.411337, 0.406844, 0.465295, 0.507021, 0.582400, 0.674336, 0.755493, 0.789373, 0.878336, 0.779351, 0.881501, 0.935524, ]
	 CI UB in the last trial: [0.237784, 0.440914, 0.412852, 0.435265, 1.020164, 0.696207, 0.778144, 0.508501, 0.749081, 0.739010, 0.894997, 0.721127, 0.870765, 0.992465, 1.294500, 1.182922, 1.333842, 0.997772, 1.193524, 1.298597, ]
	 CI LB in the last trial: [-0.181518, -0.171313, -0.178549, -0.213364, -0.629739, 0.002007, -0.272352, 0.083979, 0.073593, 0.074679, 0.035594, 0.292915, 0.294035, 0.356207, 0.216486, 0.395825, 0.422830, 0.560929, 0.569478, 0.572451, ]
----->
	 Cov Rate: 0.1898 	 (0.39214278011969067) 	Avg Len: 0.20627662099495384 	 (0.00017122209398730384) 
	 d: 20 	 n: 2000 	 B: 5 	 eta_0: 0.01 	 alpha: 0.501 	 # Trials: 500
	 True solution:           [0.000000, 0.052632, 0.105263, 0.157895, 0.210526, 0.263158, 0.315789, 0.368421, 0.421053, 0.473684, 0.526316, 0.578947, 0.631579, 0.684211, 0.736842, 0.789474, 0.842105, 0.894737, 0.947368, 1.000000, ]
	 center in last trial:    [0.000925, 0.110015, 0.053165, 0.049109, 0.115145, 0.209966, 0.129200, 0.158764, 0.197995, 0.189106, 0.226376, 0.230492, 0.278521, 0.320069, 0.388876, 0.383823, 0.473513, 0.375465, 0.417016, 0.423673, ]
	 CI UB in the last trial: [0.300952, 0.361087, 0.260658, 0.348803, 0.937946, 0.501063, 0.567829, 0.402545, 0.475501, 0.463065, 0.528024, 0.427121, 0.501320, 0.665452, 0.892890, 0.725771, 0.938760, 0.576835, 0.668375, 0.734769, ]
	 CI LB in the last trial: [-0.299102, -0.141057, -0.154329, -0.250586, -0.707657, -0.081131, -0.309429, -0.085016, -0.079510, -0.084853, -0.075271, 0.033863, 0.055721, -0.025315, -0.115138, 0.041874, 0.008267, 0.174095, 0.165657, 0.112576, ]
