----->
	 Cov Rate: 0.94972 	 (0.21852213068703136) 	Avg Len: 0.2222023200388787 	 (0.00023204722991369974) 
	 d: 100 	 n: 100000 	 R: 3 	 eta_0: 0.5 	 alpha: 0.501 	 # Trials: 500
	 True solution:           [0.000000, 0.010101, 0.020202, 0.030303, 0.040404, 0.050505, 0.060606, 0.070707, 0.080808, 0.090909, 0.101010, 0.111111, 0.121212, 0.131313, 0.141414, 0.151515, 0.161616, 0.171717, 0.181818, 0.191919, 0.202020, 0.212121, 0.222222, 0.232323, 0.242424, 0.252525, 0.262626, 0.272727, 0.282828, 0.292929, 0.303030, 0.313131, 0.323232, 0.333333, 0.343434, 0.353535, 0.363636, 0.373737, 0.383838, 0.393939, 0.404040, 0.414141, 0.424242, 0.434343, 0.444444, 0.454545, 0.464646, 0.474747, 0.484848, 0.494949, 0.505051, 0.515152, 0.525253, 0.535354, 0.545455, 0.555556, 0.565657, 0.575758, 0.585859, 0.595960, 0.606061, 0.616162, 0.626263, 0.636364, 0.646465, 0.656566, 0.666667, 0.676768, 0.686869, 0.696970, 0.707071, 0.717172, 0.727273, 0.737374, 0.747475, 0.757576, 0.767677, 0.777778, 0.787879, 0.797980, 0.808081, 0.818182, 0.828283, 0.838384, 0.848485, 0.858586, 0.868687, 0.878788, 0.888889, 0.898990, 0.909091, 0.919192, 0.929293, 0.939394, 0.949495, 0.959596, 0.969697, 0.979798, 0.989899, 1.000000, ]
	 center in last trial:    [-0.002030, 0.023571, 0.040121, 0.060565, -0.001552, 0.060272, 0.069430, 0.101653, 0.092013, 0.089676, 0.096544, 0.098043, 0.121581, 0.159823, 0.104764, 0.108797, 0.113143, 0.136139, 0.158605, 0.210540, 0.234967, 0.227902, 0.216524, 0.230688, 0.201932, 0.223881, 0.279284, 0.239109, 0.315204, 0.273909, 0.297605, 0.272391, 0.330616, 0.280026, 0.324627, 0.344660, 0.345533, 0.372339, 0.386160, 0.372305, 0.413420, 0.447312, 0.458332, 0.443874, 0.397886, 0.481407, 0.515102, 0.482748, 0.480718, 0.512442, 0.509997, 0.476204, 0.535125, 0.574267, 0.530752, 0.533560, 0.597112, 0.542139, 0.601031, 0.583488, 0.649926, 0.607444, 0.631784, 0.603416, 0.625932, 0.648704, 0.688814, 0.642636, 0.650359, 0.752266, 0.694383, 0.700833, 0.708686, 0.768784, 0.743082, 0.767133, 0.824629, 0.755379, 0.792879, 0.763776, 0.828778, 0.825783, 0.786224, 0.884171, 0.828328, 0.919533, 0.877842, 0.821595, 0.896236, 0.862182, 0.863982, 0.894717, 0.934652, 0.951743, 0.954524, 0.916030, 1.014185, 0.980097, 0.936980, 0.988277, ]
	 CI UB in the last trial: [0.151192, 0.440281, 0.566648, 0.360718, 0.149287, 0.229254, 0.321659, 0.357022, 0.220396, 0.247213, 0.328555, 0.235405, 0.390562, 0.398286, 0.252643, 0.339041, 0.417939, 0.287763, 0.233197, 0.617372, 0.356550, 0.459750, 0.490162, 0.529973, 0.397645, 0.549783, 0.502871, 0.799394, 0.533549, 0.403678, 0.593621, 0.441693, 0.617697, 0.539520, 0.633793, 0.750657, 0.587201, 0.670231, 0.445718, 0.576456, 0.520518, 0.764990, 0.579791, 0.562622, 0.539790, 0.538436, 0.663183, 0.654367, 0.635070, 0.672152, 0.599808, 0.818169, 0.652364, 0.855895, 0.653029, 0.763799, 0.817051, 0.908613, 0.843064, 0.816424, 0.730639, 0.859207, 0.873144, 0.929029, 0.944194, 0.777829, 0.980853, 1.226431, 0.989033, 1.013667, 0.773270, 0.950500, 0.913552, 0.896104, 0.873636, 0.909547, 1.156193, 0.929112, 1.000521, 1.031444, 1.021305, 1.035752, 1.117093, 1.020581, 0.953617, 1.138198, 1.017349, 1.086242, 0.956765, 1.238770, 1.140587, 0.929272, 1.092749, 1.141045, 1.047585, 1.280249, 1.274211, 1.181944, 1.248024, 1.093740, ]
	 CI LB in the last trial: [-0.155252, -0.393138, -0.486405, -0.239588, -0.152391, -0.108710, -0.182799, -0.153716, -0.036370, -0.067861, -0.135468, -0.039319, -0.147400, -0.078640, -0.043114, -0.121448, -0.191653, -0.015485, 0.084014, -0.196293, 0.113384, -0.003947, -0.057115, -0.068597, 0.006218, -0.102020, 0.055696, -0.321176, 0.096859, 0.144141, 0.001589, 0.103088, 0.043535, 0.020531, 0.015461, -0.061337, 0.103865, 0.074446, 0.326603, 0.168154, 0.306322, 0.129635, 0.336873, 0.325126, 0.255981, 0.424377, 0.367021, 0.311129, 0.326366, 0.352733, 0.420186, 0.134239, 0.417886, 0.292639, 0.408475, 0.303321, 0.377173, 0.175666, 0.358998, 0.350552, 0.569213, 0.355681, 0.390424, 0.277803, 0.307670, 0.519579, 0.396776, 0.058840, 0.311685, 0.490865, 0.615496, 0.451167, 0.503820, 0.641465, 0.612528, 0.624719, 0.493064, 0.581646, 0.585236, 0.496107, 0.636250, 0.615814, 0.455355, 0.747761, 0.703040, 0.700867, 0.738336, 0.556948, 0.835707, 0.485593, 0.587377, 0.860161, 0.776554, 0.762441, 0.861463, 0.551811, 0.754159, 0.778251, 0.625936, 0.882813, ]
----->
	 Cov Rate: 0.9491 	 (0.21979351673786918) 	Avg Len: 0.09632534853340684 	 (0.00010107765790839323) 
	 d: 100 	 n: 100000 	 R: 3 	 eta_0: 0.1 	 alpha: 0.501 	 # Trials: 500
	 True solution:           [0.000000, 0.010101, 0.020202, 0.030303, 0.040404, 0.050505, 0.060606, 0.070707, 0.080808, 0.090909, 0.101010, 0.111111, 0.121212, 0.131313, 0.141414, 0.151515, 0.161616, 0.171717, 0.181818, 0.191919, 0.202020, 0.212121, 0.222222, 0.232323, 0.242424, 0.252525, 0.262626, 0.272727, 0.282828, 0.292929, 0.303030, 0.313131, 0.323232, 0.333333, 0.343434, 0.353535, 0.363636, 0.373737, 0.383838, 0.393939, 0.404040, 0.414141, 0.424242, 0.434343, 0.444444, 0.454545, 0.464646, 0.474747, 0.484848, 0.494949, 0.505051, 0.515152, 0.525253, 0.535354, 0.545455, 0.555556, 0.565657, 0.575758, 0.585859, 0.595960, 0.606061, 0.616162, 0.626263, 0.636364, 0.646465, 0.656566, 0.666667, 0.676768, 0.686869, 0.696970, 0.707071, 0.717172, 0.727273, 0.737374, 0.747475, 0.757576, 0.767677, 0.777778, 0.787879, 0.797980, 0.808081, 0.818182, 0.828283, 0.838384, 0.848485, 0.858586, 0.868687, 0.878788, 0.888889, 0.898990, 0.909091, 0.919192, 0.929293, 0.939394, 0.949495, 0.959596, 0.969697, 0.979798, 0.989899, 1.000000, ]
	 center in last trial:    [-0.007020, 0.015530, 0.012649, 0.035877, 0.022855, 0.050378, 0.081748, 0.085382, 0.089556, 0.086990, 0.097874, 0.108358, 0.129930, 0.133713, 0.135601, 0.131382, 0.139519, 0.149947, 0.186901, 0.200917, 0.196155, 0.208261, 0.207583, 0.220531, 0.233691, 0.242611, 0.277352, 0.259163, 0.303688, 0.277273, 0.311671, 0.307263, 0.317177, 0.328623, 0.347533, 0.345909, 0.372839, 0.385659, 0.386615, 0.404882, 0.404371, 0.418529, 0.429135, 0.432406, 0.438968, 0.457312, 0.464372, 0.476553, 0.470389, 0.507532, 0.504514, 0.504418, 0.539910, 0.537682, 0.532293, 0.546073, 0.567295, 0.562906, 0.580866, 0.584454, 0.623024, 0.619990, 0.647261, 0.623985, 0.637179, 0.642171, 0.672124, 0.664751, 0.683193, 0.720646, 0.692302, 0.712229, 0.730424, 0.729496, 0.755885, 0.763784, 0.806181, 0.765851, 0.782890, 0.795933, 0.830860, 0.836441, 0.810981, 0.837027, 0.833979, 0.868348, 0.871431, 0.858455, 0.892549, 0.883560, 0.902126, 0.925437, 0.924701, 0.940175, 0.953982, 0.945782, 0.986616, 0.977301, 0.964350, 0.995373, ]
	 CI UB in the last trial: [0.113410, 0.200199, 0.191308, 0.090992, 0.158252, 0.136889, 0.154706, 0.215459, 0.153036, 0.156127, 0.218817, 0.264617, 0.202069, 0.256507, 0.220335, 0.249697, 0.245275, 0.190842, 0.245661, 0.336698, 0.268366, 0.310176, 0.350620, 0.259662, 0.349280, 0.323414, 0.366454, 0.334331, 0.421528, 0.346137, 0.460876, 0.351893, 0.484225, 0.400613, 0.465351, 0.390088, 0.388841, 0.520969, 0.441024, 0.450166, 0.455388, 0.484857, 0.607954, 0.472641, 0.542347, 0.525380, 0.589530, 0.570171, 0.576047, 0.606900, 0.666114, 0.616944, 0.593524, 0.625761, 0.624475, 0.647546, 0.682277, 0.638589, 0.691927, 0.670773, 0.723710, 0.714994, 0.726825, 0.797222, 0.772318, 0.753095, 0.795378, 0.850679, 0.808387, 0.765988, 0.711903, 0.744920, 0.802662, 0.869468, 0.813536, 0.917666, 0.965049, 0.834015, 0.839404, 0.885912, 0.920628, 0.941857, 0.973897, 0.882707, 0.890108, 0.968328, 0.936269, 0.990898, 0.952473, 0.969205, 1.113504, 1.008702, 0.995445, 1.019815, 0.980340, 1.077538, 1.119055, 1.090865, 1.085364, 1.036101, ]
	 CI LB in the last trial: [-0.127450, -0.169140, -0.166011, -0.019238, -0.112543, -0.036133, 0.008791, -0.044695, 0.026076, 0.017852, -0.023069, -0.047901, 0.057791, 0.010919, 0.050866, 0.013067, 0.033764, 0.109052, 0.128141, 0.065137, 0.123943, 0.106347, 0.064546, 0.181401, 0.118102, 0.161808, 0.188250, 0.183995, 0.185848, 0.208409, 0.162465, 0.262633, 0.150129, 0.256633, 0.229715, 0.301729, 0.356838, 0.250348, 0.332207, 0.359599, 0.353354, 0.352201, 0.250316, 0.392171, 0.335588, 0.389245, 0.339215, 0.382934, 0.364732, 0.408165, 0.342914, 0.391892, 0.486295, 0.449603, 0.440111, 0.444599, 0.452313, 0.487223, 0.469805, 0.498134, 0.522338, 0.524987, 0.567698, 0.450748, 0.502040, 0.531247, 0.548871, 0.478823, 0.557999, 0.675304, 0.672701, 0.679537, 0.658187, 0.589523, 0.698234, 0.609902, 0.647314, 0.697688, 0.726376, 0.705954, 0.741093, 0.731025, 0.648066, 0.791347, 0.777850, 0.768367, 0.806592, 0.726013, 0.832625, 0.797916, 0.690749, 0.842172, 0.853957, 0.860535, 0.927624, 0.814026, 0.854176, 0.863738, 0.843336, 0.954646, ]
----->
	 Cov Rate: 0.94982 	 (0.21831621011734334) 	Avg Len: 0.06826058978799342 	 (7.155501026511667e-05) 
	 d: 100 	 n: 100000 	 R: 3 	 eta_0: 0.05 	 alpha: 0.501 	 # Trials: 500
	 True solution:           [0.000000, 0.010101, 0.020202, 0.030303, 0.040404, 0.050505, 0.060606, 0.070707, 0.080808, 0.090909, 0.101010, 0.111111, 0.121212, 0.131313, 0.141414, 0.151515, 0.161616, 0.171717, 0.181818, 0.191919, 0.202020, 0.212121, 0.222222, 0.232323, 0.242424, 0.252525, 0.262626, 0.272727, 0.282828, 0.292929, 0.303030, 0.313131, 0.323232, 0.333333, 0.343434, 0.353535, 0.363636, 0.373737, 0.383838, 0.393939, 0.404040, 0.414141, 0.424242, 0.434343, 0.444444, 0.454545, 0.464646, 0.474747, 0.484848, 0.494949, 0.505051, 0.515152, 0.525253, 0.535354, 0.545455, 0.555556, 0.565657, 0.575758, 0.585859, 0.595960, 0.606061, 0.616162, 0.626263, 0.636364, 0.646465, 0.656566, 0.666667, 0.676768, 0.686869, 0.696970, 0.707071, 0.717172, 0.727273, 0.737374, 0.747475, 0.757576, 0.767677, 0.777778, 0.787879, 0.797980, 0.808081, 0.818182, 0.828283, 0.838384, 0.848485, 0.858586, 0.868687, 0.878788, 0.888889, 0.898990, 0.909091, 0.919192, 0.929293, 0.939394, 0.949495, 0.959596, 0.969697, 0.979798, 0.989899, 1.000000, ]
	 center in last trial:    [-0.006112, 0.013248, 0.008787, 0.028646, 0.030867, 0.048687, 0.078759, 0.076673, 0.087678, 0.091612, 0.099661, 0.110898, 0.126173, 0.130611, 0.139671, 0.136396, 0.148585, 0.156381, 0.190024, 0.196325, 0.193090, 0.209836, 0.214873, 0.224608, 0.234296, 0.246480, 0.273923, 0.264354, 0.295816, 0.283868, 0.310040, 0.310282, 0.318262, 0.333877, 0.347197, 0.348414, 0.373024, 0.386539, 0.386554, 0.407634, 0.402077, 0.415501, 0.426252, 0.429584, 0.446721, 0.452538, 0.458910, 0.477735, 0.468522, 0.503726, 0.505575, 0.504771, 0.534822, 0.534003, 0.536659, 0.543776, 0.566880, 0.570832, 0.581665, 0.591578, 0.613476, 0.617194, 0.638777, 0.632190, 0.640445, 0.644561, 0.663939, 0.667514, 0.692095, 0.709195, 0.699651, 0.717851, 0.730714, 0.727301, 0.754592, 0.761529, 0.798971, 0.770806, 0.783054, 0.799829, 0.827143, 0.831603, 0.816927, 0.832695, 0.832127, 0.859519, 0.871470, 0.870411, 0.890861, 0.890927, 0.910512, 0.925878, 0.924027, 0.940494, 0.953273, 0.952028, 0.976848, 0.979964, 0.977373, 0.999752, ]
	 CI UB in the last trial: [0.086143, 0.128173, 0.093096, 0.060516, 0.133901, 0.108948, 0.140004, 0.169456, 0.162202, 0.134065, 0.174330, 0.216084, 0.165495, 0.231132, 0.217866, 0.211159, 0.222419, 0.221985, 0.232656, 0.269308, 0.263083, 0.297990, 0.321406, 0.268556, 0.335556, 0.299339, 0.351206, 0.296158, 0.363917, 0.322780, 0.405750, 0.338102, 0.422843, 0.381336, 0.405636, 0.406581, 0.405286, 0.480705, 0.429240, 0.432384, 0.433714, 0.434088, 0.571015, 0.444800, 0.526445, 0.509649, 0.558558, 0.539655, 0.588788, 0.593152, 0.667417, 0.584503, 0.562918, 0.612501, 0.619756, 0.621725, 0.666214, 0.619829, 0.633623, 0.664390, 0.712001, 0.701575, 0.691552, 0.755370, 0.750290, 0.710880, 0.747386, 0.781942, 0.754541, 0.710477, 0.719331, 0.753298, 0.771526, 0.814704, 0.811357, 0.860857, 0.912597, 0.847437, 0.836817, 0.868489, 0.853220, 0.939733, 0.936784, 0.860923, 0.856214, 0.945513, 0.923376, 0.968215, 0.955863, 0.924457, 1.047388, 0.979767, 0.978825, 0.968258, 0.996297, 1.083919, 1.065179, 1.041888, 1.016867, 1.060456, ]
	 CI LB in the last trial: [-0.098366, -0.101676, -0.075522, -0.003224, -0.072168, -0.011574, 0.017515, -0.016110, 0.013153, 0.049159, 0.024992, 0.005713, 0.086852, 0.030090, 0.061477, 0.061633, 0.074750, 0.090777, 0.147391, 0.123341, 0.123097, 0.121683, 0.108340, 0.180660, 0.133037, 0.193621, 0.196640, 0.232550, 0.227715, 0.244956, 0.214329, 0.282462, 0.213680, 0.286419, 0.288758, 0.290248, 0.340762, 0.292374, 0.343868, 0.382883, 0.370441, 0.396913, 0.281489, 0.414369, 0.366997, 0.395428, 0.359262, 0.415814, 0.348255, 0.414301, 0.343733, 0.425039, 0.506726, 0.455506, 0.453562, 0.465826, 0.467547, 0.521836, 0.529707, 0.518766, 0.514950, 0.532813, 0.586002, 0.509009, 0.530601, 0.578241, 0.580493, 0.553086, 0.629649, 0.707912, 0.679972, 0.682404, 0.689903, 0.639899, 0.697827, 0.662202, 0.685346, 0.694175, 0.729291, 0.731169, 0.801066, 0.723474, 0.697070, 0.804467, 0.808040, 0.773525, 0.819565, 0.772607, 0.825859, 0.857397, 0.773637, 0.871988, 0.869230, 0.912729, 0.910248, 0.820138, 0.888516, 0.918041, 0.937878, 0.939048, ]
----->
	 Cov Rate: 0.94286 	 (0.23210993171340172) 	Avg Len: 0.03579930319680377 	 (3.7571432987200933e-05) 
	 d: 100 	 n: 100000 	 R: 3 	 eta_0: 0.01 	 alpha: 0.501 	 # Trials: 500
	 True solution:           [0.000000, 0.010101, 0.020202, 0.030303, 0.040404, 0.050505, 0.060606, 0.070707, 0.080808, 0.090909, 0.101010, 0.111111, 0.121212, 0.131313, 0.141414, 0.151515, 0.161616, 0.171717, 0.181818, 0.191919, 0.202020, 0.212121, 0.222222, 0.232323, 0.242424, 0.252525, 0.262626, 0.272727, 0.282828, 0.292929, 0.303030, 0.313131, 0.323232, 0.333333, 0.343434, 0.353535, 0.363636, 0.373737, 0.383838, 0.393939, 0.404040, 0.414141, 0.424242, 0.434343, 0.444444, 0.454545, 0.464646, 0.474747, 0.484848, 0.494949, 0.505051, 0.515152, 0.525253, 0.535354, 0.545455, 0.555556, 0.565657, 0.575758, 0.585859, 0.595960, 0.606061, 0.616162, 0.626263, 0.636364, 0.646465, 0.656566, 0.666667, 0.676768, 0.686869, 0.696970, 0.707071, 0.717172, 0.727273, 0.737374, 0.747475, 0.757576, 0.767677, 0.777778, 0.787879, 0.797980, 0.808081, 0.818182, 0.828283, 0.838384, 0.848485, 0.858586, 0.868687, 0.878788, 0.888889, 0.898990, 0.909091, 0.919192, 0.929293, 0.939394, 0.949495, 0.959596, 0.969697, 0.979798, 0.989899, 1.000000, ]
	 center in last trial:    [0.000016, 0.015276, 0.020358, 0.024749, 0.044115, 0.051681, 0.067871, 0.071913, 0.086855, 0.095300, 0.105709, 0.109526, 0.130032, 0.131809, 0.146566, 0.154460, 0.161601, 0.170918, 0.185544, 0.194403, 0.200887, 0.212075, 0.225996, 0.226775, 0.239178, 0.256252, 0.269830, 0.275051, 0.283259, 0.293011, 0.310700, 0.315296, 0.322709, 0.334760, 0.346389, 0.352790, 0.369910, 0.381386, 0.382003, 0.399248, 0.405499, 0.405550, 0.420873, 0.432445, 0.453638, 0.452045, 0.457676, 0.477119, 0.478264, 0.497283, 0.509655, 0.508663, 0.528650, 0.534130, 0.545520, 0.543983, 0.566414, 0.576971, 0.584975, 0.599084, 0.602442, 0.613483, 0.626909, 0.642070, 0.648313, 0.649973, 0.660442, 0.667865, 0.690147, 0.703558, 0.710437, 0.714139, 0.725751, 0.730937, 0.753535, 0.755281, 0.777679, 0.779020, 0.782852, 0.794583, 0.814038, 0.820605, 0.814029, 0.829997, 0.838699, 0.853201, 0.866133, 0.870167, 0.885355, 0.900466, 0.910458, 0.914908, 0.917022, 0.941157, 0.939556, 0.953046, 0.965887, 0.978355, 0.989041, 1.005834, ]
	 CI UB in the last trial: [0.046157, 0.033039, 0.037825, 0.037158, 0.087446, 0.082696, 0.142232, 0.086623, 0.192086, 0.110654, 0.162455, 0.151481, 0.196162, 0.152811, 0.218679, 0.183268, 0.230167, 0.184871, 0.215156, 0.216582, 0.240229, 0.298194, 0.249077, 0.245863, 0.289151, 0.284022, 0.320180, 0.316786, 0.302269, 0.294523, 0.342716, 0.373992, 0.333352, 0.408706, 0.353125, 0.376598, 0.390210, 0.431361, 0.419832, 0.419722, 0.427408, 0.440981, 0.475436, 0.458725, 0.492138, 0.475435, 0.524563, 0.526520, 0.518613, 0.542963, 0.583102, 0.551674, 0.565932, 0.580147, 0.598793, 0.588612, 0.598567, 0.623666, 0.607191, 0.643492, 0.657992, 0.716268, 0.658334, 0.685377, 0.688861, 0.719358, 0.685907, 0.707439, 0.737118, 0.708692, 0.726459, 0.735678, 0.773279, 0.782819, 0.767549, 0.785880, 0.818322, 0.814539, 0.796200, 0.798312, 0.861677, 0.843247, 0.870986, 0.871884, 0.848060, 0.917223, 0.900527, 0.938422, 0.975798, 0.919223, 0.937900, 0.931482, 0.952073, 0.966083, 0.965624, 1.032913, 1.016165, 1.024130, 1.017899, 1.085938, ]
	 CI LB in the last trial: [-0.046125, -0.002487, 0.002892, 0.012340, 0.000784, 0.020665, -0.006491, 0.057204, -0.018375, 0.079947, 0.048963, 0.067571, 0.063903, 0.110808, 0.074452, 0.125652, 0.093034, 0.156966, 0.155933, 0.172225, 0.161544, 0.125957, 0.202914, 0.207687, 0.189205, 0.228482, 0.219480, 0.233316, 0.264249, 0.291499, 0.278685, 0.256601, 0.312067, 0.260813, 0.339653, 0.328982, 0.349610, 0.331410, 0.344174, 0.378775, 0.383589, 0.370120, 0.366310, 0.406166, 0.415138, 0.428654, 0.390788, 0.427719, 0.437915, 0.451603, 0.436207, 0.465651, 0.491367, 0.488112, 0.492247, 0.499354, 0.534261, 0.530276, 0.562759, 0.554677, 0.546891, 0.510697, 0.595483, 0.598764, 0.607765, 0.580587, 0.634977, 0.628291, 0.643177, 0.698424, 0.694415, 0.692600, 0.678223, 0.679055, 0.739522, 0.724682, 0.737035, 0.743502, 0.769503, 0.790854, 0.766398, 0.797962, 0.757072, 0.788109, 0.829338, 0.789180, 0.831740, 0.801911, 0.794913, 0.881710, 0.883016, 0.898334, 0.881970, 0.916231, 0.913489, 0.873180, 0.915609, 0.932581, 0.960183, 0.925730, ]
----->
	 Cov Rate: 0.94988 	 (0.21819254249400918) 	Avg Len: 0.15237923906914172 	 (0.00011016115424414405) 
	 d: 100 	 n: 100000 	 R: 5 	 eta_0: 0.5 	 alpha: 0.501 	 # Trials: 500
	 True solution:           [0.000000, 0.010101, 0.020202, 0.030303, 0.040404, 0.050505, 0.060606, 0.070707, 0.080808, 0.090909, 0.101010, 0.111111, 0.121212, 0.131313, 0.141414, 0.151515, 0.161616, 0.171717, 0.181818, 0.191919, 0.202020, 0.212121, 0.222222, 0.232323, 0.242424, 0.252525, 0.262626, 0.272727, 0.282828, 0.292929, 0.303030, 0.313131, 0.323232, 0.333333, 0.343434, 0.353535, 0.363636, 0.373737, 0.383838, 0.393939, 0.404040, 0.414141, 0.424242, 0.434343, 0.444444, 0.454545, 0.464646, 0.474747, 0.484848, 0.494949, 0.505051, 0.515152, 0.525253, 0.535354, 0.545455, 0.555556, 0.565657, 0.575758, 0.585859, 0.595960, 0.606061, 0.616162, 0.626263, 0.636364, 0.646465, 0.656566, 0.666667, 0.676768, 0.686869, 0.696970, 0.707071, 0.717172, 0.727273, 0.737374, 0.747475, 0.757576, 0.767677, 0.777778, 0.787879, 0.797980, 0.808081, 0.818182, 0.828283, 0.838384, 0.848485, 0.858586, 0.868687, 0.878788, 0.888889, 0.898990, 0.909091, 0.919192, 0.929293, 0.939394, 0.949495, 0.959596, 0.969697, 0.979798, 0.989899, 1.000000, ]
	 center in last trial:    [-0.002030, 0.023571, 0.040121, 0.060565, -0.001552, 0.060272, 0.069430, 0.101653, 0.092013, 0.089676, 0.096544, 0.098043, 0.121581, 0.159823, 0.104764, 0.108797, 0.113143, 0.136139, 0.158605, 0.210540, 0.234967, 0.227902, 0.216524, 0.230688, 0.201932, 0.223881, 0.279284, 0.239109, 0.315204, 0.273909, 0.297605, 0.272391, 0.330616, 0.280026, 0.324627, 0.344660, 0.345533, 0.372339, 0.386160, 0.372305, 0.413420, 0.447312, 0.458332, 0.443874, 0.397886, 0.481407, 0.515102, 0.482748, 0.480718, 0.512442, 0.509997, 0.476204, 0.535125, 0.574267, 0.530752, 0.533560, 0.597112, 0.542139, 0.601031, 0.583488, 0.649926, 0.607444, 0.631784, 0.603416, 0.625932, 0.648704, 0.688814, 0.642636, 0.650359, 0.752266, 0.694383, 0.700833, 0.708686, 0.768784, 0.743082, 0.767133, 0.824629, 0.755379, 0.792879, 0.763776, 0.828778, 0.825783, 0.786224, 0.884171, 0.828328, 0.919533, 0.877842, 0.821595, 0.896236, 0.862182, 0.863982, 0.894717, 0.934652, 0.951743, 0.954524, 0.916030, 1.014185, 0.980097, 0.936980, 0.988277, ]
	 CI UB in the last trial: [0.074717, 0.295955, 0.295261, 0.268387, 0.113634, 0.224444, 0.207952, 0.300179, 0.210915, 0.235986, 0.320156, 0.300103, 0.265848, 0.352792, 0.267982, 0.261208, 0.295247, 0.275873, 0.250619, 0.410110, 0.363194, 0.373050, 0.352007, 0.378018, 0.353231, 0.461121, 0.414413, 0.499915, 0.415191, 0.343208, 0.498552, 0.511692, 0.477127, 0.472201, 0.490095, 0.559669, 0.552503, 0.570566, 0.479462, 0.499766, 0.489070, 0.596632, 0.568879, 0.549998, 0.707677, 0.698346, 0.670001, 0.605250, 0.608187, 0.607636, 0.610381, 0.634102, 0.654565, 0.713745, 0.602644, 0.698353, 0.768405, 0.787525, 0.717973, 0.704811, 0.752667, 0.732195, 0.765624, 0.781890, 0.838594, 0.757526, 0.864712, 0.929936, 0.852151, 0.910624, 0.806397, 0.815043, 0.807604, 0.865566, 0.889811, 0.842581, 0.981608, 0.883869, 0.929005, 0.909798, 0.951656, 0.923712, 0.954748, 1.052056, 0.889860, 1.027198, 1.053607, 0.984202, 0.943078, 1.058037, 1.039536, 1.065359, 1.028358, 1.082509, 1.022764, 1.110436, 1.189973, 1.094910, 1.087007, 1.155572, ]
	 CI LB in the last trial: [-0.078777, -0.248812, -0.215019, -0.147257, -0.116738, -0.103899, -0.069092, -0.096872, -0.026889, -0.056633, -0.127069, -0.104017, -0.022686, -0.033146, -0.058453, -0.043615, -0.068962, -0.003595, 0.066592, 0.010970, 0.106740, 0.082754, 0.081040, 0.083358, 0.050632, -0.013358, 0.144154, -0.021697, 0.215218, 0.204610, 0.096658, 0.033090, 0.184105, 0.087850, 0.159159, 0.129651, 0.138563, 0.174112, 0.292859, 0.244844, 0.337770, 0.297992, 0.347784, 0.337750, 0.088094, 0.264467, 0.360203, 0.360246, 0.353248, 0.417249, 0.409612, 0.318306, 0.415685, 0.434789, 0.458859, 0.368767, 0.425819, 0.296754, 0.484090, 0.462165, 0.547184, 0.482693, 0.497944, 0.424942, 0.413270, 0.539881, 0.512917, 0.355335, 0.448566, 0.593909, 0.582369, 0.586623, 0.609768, 0.672003, 0.596353, 0.691686, 0.667649, 0.626889, 0.656752, 0.617753, 0.705900, 0.727854, 0.617701, 0.716286, 0.766797, 0.811868, 0.702077, 0.658988, 0.849394, 0.666327, 0.688427, 0.724074, 0.840945, 0.820977, 0.886284, 0.721625, 0.838397, 0.865285, 0.786953, 0.820982, ]
----->
	 Cov Rate: 0.94974 	 (0.21848096576132206) 	Avg Len: 0.06605584081083371 	 (4.8112426415664364e-05) 
	 d: 100 	 n: 100000 	 R: 5 	 eta_0: 0.1 	 alpha: 0.501 	 # Trials: 500
	 True solution:           [0.000000, 0.010101, 0.020202, 0.030303, 0.040404, 0.050505, 0.060606, 0.070707, 0.080808, 0.090909, 0.101010, 0.111111, 0.121212, 0.131313, 0.141414, 0.151515, 0.161616, 0.171717, 0.181818, 0.191919, 0.202020, 0.212121, 0.222222, 0.232323, 0.242424, 0.252525, 0.262626, 0.272727, 0.282828, 0.292929, 0.303030, 0.313131, 0.323232, 0.333333, 0.343434, 0.353535, 0.363636, 0.373737, 0.383838, 0.393939, 0.404040, 0.414141, 0.424242, 0.434343, 0.444444, 0.454545, 0.464646, 0.474747, 0.484848, 0.494949, 0.505051, 0.515152, 0.525253, 0.535354, 0.545455, 0.555556, 0.565657, 0.575758, 0.585859, 0.595960, 0.606061, 0.616162, 0.626263, 0.636364, 0.646465, 0.656566, 0.666667, 0.676768, 0.686869, 0.696970, 0.707071, 0.717172, 0.727273, 0.737374, 0.747475, 0.757576, 0.767677, 0.777778, 0.787879, 0.797980, 0.808081, 0.818182, 0.828283, 0.838384, 0.848485, 0.858586, 0.868687, 0.878788, 0.888889, 0.898990, 0.909091, 0.919192, 0.929293, 0.939394, 0.949495, 0.959596, 0.969697, 0.979798, 0.989899, 1.000000, ]
	 center in last trial:    [-0.007020, 0.015530, 0.012649, 0.035877, 0.022855, 0.050378, 0.081748, 0.085382, 0.089556, 0.086990, 0.097874, 0.108358, 0.129930, 0.133713, 0.135601, 0.131382, 0.139519, 0.149947, 0.186901, 0.200917, 0.196155, 0.208261, 0.207583, 0.220531, 0.233691, 0.242611, 0.277352, 0.259163, 0.303688, 0.277273, 0.311671, 0.307263, 0.317177, 0.328623, 0.347533, 0.345909, 0.372839, 0.385659, 0.386615, 0.404882, 0.404371, 0.418529, 0.429135, 0.432406, 0.438968, 0.457312, 0.464372, 0.476553, 0.470389, 0.507532, 0.504514, 0.504418, 0.539910, 0.537682, 0.532293, 0.546073, 0.567295, 0.562906, 0.580866, 0.584454, 0.623024, 0.619990, 0.647261, 0.623985, 0.637179, 0.642171, 0.672124, 0.664751, 0.683193, 0.720646, 0.692302, 0.712229, 0.730424, 0.729496, 0.755885, 0.763784, 0.806181, 0.765851, 0.782890, 0.795933, 0.830860, 0.836441, 0.810981, 0.837027, 0.833979, 0.868348, 0.871431, 0.858455, 0.892549, 0.883560, 0.902126, 0.925437, 0.924701, 0.940175, 0.953982, 0.945782, 0.986616, 0.977301, 0.964350, 0.995373, ]
	 CI UB in the last trial: [0.055009, 0.153860, 0.119707, 0.098239, 0.090743, 0.131901, 0.135246, 0.185464, 0.140938, 0.150790, 0.179948, 0.190669, 0.167646, 0.234125, 0.198960, 0.207047, 0.199423, 0.188752, 0.220894, 0.266778, 0.247366, 0.270150, 0.282200, 0.266867, 0.289715, 0.299745, 0.328775, 0.299986, 0.358650, 0.330563, 0.398687, 0.399428, 0.423942, 0.390898, 0.404038, 0.377172, 0.426341, 0.461569, 0.432109, 0.451194, 0.431477, 0.459805, 0.516159, 0.487856, 0.544752, 0.534003, 0.530406, 0.523002, 0.530757, 0.556802, 0.602684, 0.561448, 0.571021, 0.581313, 0.576284, 0.627623, 0.625565, 0.648342, 0.646363, 0.629780, 0.730782, 0.698037, 0.699825, 0.707423, 0.763140, 0.703898, 0.748066, 0.750723, 0.778130, 0.788762, 0.727751, 0.758855, 0.785285, 0.796890, 0.820959, 0.836914, 0.878863, 0.833222, 0.872068, 0.854137, 0.904905, 0.886336, 0.887521, 0.885462, 0.891786, 0.915905, 0.921486, 0.920249, 0.927420, 0.938296, 1.025684, 1.000336, 0.982065, 0.991380, 0.979806, 1.006453, 1.048585, 1.046982, 1.049282, 1.055106, ]
	 CI LB in the last trial: [-0.069049, -0.122801, -0.094410, -0.026484, -0.045034, -0.031144, 0.028251, -0.014700, 0.038174, 0.023189, 0.015800, 0.026046, 0.092214, 0.033301, 0.072241, 0.055718, 0.079615, 0.111142, 0.152908, 0.135057, 0.144943, 0.146372, 0.132966, 0.174196, 0.177668, 0.185476, 0.225928, 0.218340, 0.248726, 0.223983, 0.224654, 0.215099, 0.210412, 0.266349, 0.291028, 0.314645, 0.319338, 0.309748, 0.341121, 0.358571, 0.377264, 0.377253, 0.342111, 0.376956, 0.333183, 0.380621, 0.398339, 0.430104, 0.410022, 0.458262, 0.406344, 0.447388, 0.508799, 0.494051, 0.488302, 0.464522, 0.509025, 0.477470, 0.515369, 0.539127, 0.515266, 0.541944, 0.594698, 0.540547, 0.511218, 0.580444, 0.596183, 0.578778, 0.588256, 0.652531, 0.656852, 0.665603, 0.675564, 0.662101, 0.690811, 0.690654, 0.733500, 0.698480, 0.693712, 0.737729, 0.756815, 0.786547, 0.734442, 0.788592, 0.776172, 0.820790, 0.821375, 0.796662, 0.857678, 0.828824, 0.778569, 0.850537, 0.867337, 0.888969, 0.928159, 0.885112, 0.924647, 0.907621, 0.879418, 0.935641, ]
----->
	 Cov Rate: 0.94928 	 (0.21942534402388433) 	Avg Len: 0.04668001751473611 	 (3.405709176491184e-05) 
	 d: 100 	 n: 100000 	 R: 5 	 eta_0: 0.05 	 alpha: 0.501 	 # Trials: 500
	 True solution:           [0.000000, 0.010101, 0.020202, 0.030303, 0.040404, 0.050505, 0.060606, 0.070707, 0.080808, 0.090909, 0.101010, 0.111111, 0.121212, 0.131313, 0.141414, 0.151515, 0.161616, 0.171717, 0.181818, 0.191919, 0.202020, 0.212121, 0.222222, 0.232323, 0.242424, 0.252525, 0.262626, 0.272727, 0.282828, 0.292929, 0.303030, 0.313131, 0.323232, 0.333333, 0.343434, 0.353535, 0.363636, 0.373737, 0.383838, 0.393939, 0.404040, 0.414141, 0.424242, 0.434343, 0.444444, 0.454545, 0.464646, 0.474747, 0.484848, 0.494949, 0.505051, 0.515152, 0.525253, 0.535354, 0.545455, 0.555556, 0.565657, 0.575758, 0.585859, 0.595960, 0.606061, 0.616162, 0.626263, 0.636364, 0.646465, 0.656566, 0.666667, 0.676768, 0.686869, 0.696970, 0.707071, 0.717172, 0.727273, 0.737374, 0.747475, 0.757576, 0.767677, 0.777778, 0.787879, 0.797980, 0.808081, 0.818182, 0.828283, 0.838384, 0.848485, 0.858586, 0.868687, 0.878788, 0.888889, 0.898990, 0.909091, 0.919192, 0.929293, 0.939394, 0.949495, 0.959596, 0.969697, 0.979798, 0.989899, 1.000000, ]
	 center in last trial:    [-0.006112, 0.013248, 0.008787, 0.028646, 0.030867, 0.048687, 0.078759, 0.076673, 0.087678, 0.091612, 0.099661, 0.110898, 0.126173, 0.130611, 0.139671, 0.136396, 0.148585, 0.156381, 0.190024, 0.196325, 0.193090, 0.209836, 0.214873, 0.224608, 0.234296, 0.246480, 0.273923, 0.264354, 0.295816, 0.283868, 0.310040, 0.310282, 0.318262, 0.333877, 0.347197, 0.348414, 0.373024, 0.386539, 0.386554, 0.407634, 0.402077, 0.415501, 0.426252, 0.429584, 0.446721, 0.452538, 0.458910, 0.477735, 0.468522, 0.503726, 0.505575, 0.504771, 0.534822, 0.534003, 0.536659, 0.543776, 0.566880, 0.570832, 0.581665, 0.591578, 0.613476, 0.617194, 0.638777, 0.632190, 0.640445, 0.644561, 0.663939, 0.667514, 0.692095, 0.709195, 0.699651, 0.717851, 0.730714, 0.727301, 0.754592, 0.761529, 0.798971, 0.770806, 0.783054, 0.799829, 0.827143, 0.831603, 0.816927, 0.832695, 0.832127, 0.859519, 0.871470, 0.870411, 0.890861, 0.890927, 0.910512, 0.925878, 0.924027, 0.940494, 0.953273, 0.952028, 0.976848, 0.979964, 0.977373, 0.999752, ]
	 CI UB in the last trial: [0.046846, 0.107935, 0.061932, 0.056542, 0.082673, 0.111253, 0.123136, 0.153683, 0.130650, 0.128421, 0.149498, 0.163424, 0.144229, 0.210317, 0.191616, 0.185582, 0.195001, 0.188083, 0.219439, 0.234913, 0.241982, 0.257226, 0.272773, 0.259990, 0.282347, 0.275506, 0.316802, 0.284995, 0.328788, 0.309252, 0.364071, 0.357675, 0.397533, 0.374684, 0.378558, 0.377594, 0.400913, 0.437450, 0.427736, 0.431440, 0.420464, 0.437329, 0.502031, 0.471694, 0.503849, 0.492420, 0.506018, 0.514077, 0.536372, 0.547233, 0.593075, 0.543248, 0.562763, 0.574147, 0.575418, 0.595787, 0.614318, 0.629354, 0.614346, 0.631005, 0.708368, 0.675622, 0.676062, 0.690545, 0.738965, 0.688619, 0.712262, 0.722349, 0.746753, 0.751494, 0.724210, 0.743015, 0.767894, 0.770345, 0.815135, 0.812544, 0.852376, 0.826384, 0.844689, 0.840552, 0.878470, 0.881193, 0.873353, 0.870819, 0.877000, 0.902488, 0.899742, 0.917580, 0.924779, 0.925030, 0.996620, 0.984650, 0.973632, 0.975324, 0.990400, 1.012403, 1.017746, 1.033035, 1.034448, 1.043601, ]
	 CI LB in the last trial: [-0.059070, -0.081439, -0.044357, 0.000750, -0.020940, -0.013879, 0.034383, -0.000337, 0.044705, 0.054803, 0.049824, 0.058373, 0.108118, 0.050905, 0.087727, 0.087211, 0.102168, 0.124678, 0.160609, 0.157737, 0.144198, 0.162447, 0.156973, 0.189226, 0.186245, 0.217454, 0.231044, 0.243713, 0.262845, 0.258484, 0.256008, 0.262889, 0.238990, 0.293070, 0.315836, 0.319234, 0.345135, 0.335629, 0.345372, 0.383827, 0.383690, 0.393672, 0.350472, 0.387475, 0.389594, 0.412657, 0.411802, 0.441393, 0.400672, 0.460219, 0.418074, 0.466293, 0.506882, 0.493860, 0.497900, 0.491764, 0.519443, 0.512310, 0.548983, 0.552152, 0.518583, 0.558765, 0.601492, 0.573834, 0.541926, 0.600502, 0.615617, 0.612679, 0.637438, 0.666896, 0.675093, 0.692687, 0.693535, 0.684258, 0.694050, 0.710514, 0.745566, 0.715229, 0.721419, 0.759107, 0.775816, 0.782014, 0.760501, 0.794571, 0.787255, 0.816550, 0.843199, 0.823242, 0.856943, 0.856823, 0.824405, 0.867105, 0.874422, 0.905663, 0.916146, 0.891654, 0.935949, 0.926894, 0.920297, 0.955903, ]
----->
	 Cov Rate: 0.93948 	 (0.23844775025149642) 	Avg Len: 0.024497186271550644 	 (1.786331795479974e-05) 
	 d: 100 	 n: 100000 	 R: 5 	 eta_0: 0.01 	 alpha: 0.501 	 # Trials: 500
	 True solution:           [0.000000, 0.010101, 0.020202, 0.030303, 0.040404, 0.050505, 0.060606, 0.070707, 0.080808, 0.090909, 0.101010, 0.111111, 0.121212, 0.131313, 0.141414, 0.151515, 0.161616, 0.171717, 0.181818, 0.191919, 0.202020, 0.212121, 0.222222, 0.232323, 0.242424, 0.252525, 0.262626, 0.272727, 0.282828, 0.292929, 0.303030, 0.313131, 0.323232, 0.333333, 0.343434, 0.353535, 0.363636, 0.373737, 0.383838, 0.393939, 0.404040, 0.414141, 0.424242, 0.434343, 0.444444, 0.454545, 0.464646, 0.474747, 0.484848, 0.494949, 0.505051, 0.515152, 0.525253, 0.535354, 0.545455, 0.555556, 0.565657, 0.575758, 0.585859, 0.595960, 0.606061, 0.616162, 0.626263, 0.636364, 0.646465, 0.656566, 0.666667, 0.676768, 0.686869, 0.696970, 0.707071, 0.717172, 0.727273, 0.737374, 0.747475, 0.757576, 0.767677, 0.777778, 0.787879, 0.797980, 0.808081, 0.818182, 0.828283, 0.838384, 0.848485, 0.858586, 0.868687, 0.878788, 0.888889, 0.898990, 0.909091, 0.919192, 0.929293, 0.939394, 0.949495, 0.959596, 0.969697, 0.979798, 0.989899, 1.000000, ]
	 center in last trial:    [0.000016, 0.015276, 0.020358, 0.024749, 0.044115, 0.051681, 0.067871, 0.071913, 0.086855, 0.095300, 0.105709, 0.109526, 0.130032, 0.131809, 0.146566, 0.154460, 0.161601, 0.170918, 0.185544, 0.194403, 0.200887, 0.212075, 0.225996, 0.226775, 0.239178, 0.256252, 0.269830, 0.275051, 0.283259, 0.293011, 0.310700, 0.315296, 0.322709, 0.334760, 0.346389, 0.352790, 0.369910, 0.381386, 0.382003, 0.399248, 0.405499, 0.405550, 0.420873, 0.432445, 0.453638, 0.452045, 0.457676, 0.477119, 0.478264, 0.497283, 0.509655, 0.508663, 0.528650, 0.534130, 0.545520, 0.543983, 0.566414, 0.576971, 0.584975, 0.599084, 0.602442, 0.613483, 0.626909, 0.642070, 0.648313, 0.649973, 0.660442, 0.667865, 0.690147, 0.703558, 0.710437, 0.714139, 0.725751, 0.730937, 0.753535, 0.755281, 0.777679, 0.779020, 0.782852, 0.794583, 0.814038, 0.820605, 0.814029, 0.829997, 0.838699, 0.853201, 0.866133, 0.870167, 0.885355, 0.900466, 0.910458, 0.914908, 0.917022, 0.941157, 0.939556, 0.953046, 0.965887, 0.978355, 0.989041, 1.005834, ]
	 CI UB in the last trial: [0.027518, 0.053428, 0.031813, 0.037924, 0.065004, 0.077803, 0.101850, 0.103589, 0.138212, 0.120341, 0.132025, 0.136355, 0.165419, 0.151869, 0.184776, 0.185867, 0.197796, 0.184569, 0.202688, 0.209754, 0.219686, 0.253768, 0.238758, 0.242493, 0.270220, 0.270007, 0.302385, 0.294425, 0.292243, 0.300649, 0.334046, 0.354934, 0.342599, 0.368930, 0.373094, 0.372988, 0.380226, 0.405351, 0.407912, 0.415943, 0.422826, 0.434629, 0.452491, 0.463074, 0.479852, 0.475774, 0.489165, 0.503562, 0.527654, 0.520700, 0.546230, 0.528782, 0.557240, 0.560502, 0.570579, 0.568225, 0.590291, 0.604631, 0.598988, 0.619983, 0.644259, 0.660628, 0.650054, 0.669930, 0.684634, 0.684209, 0.685201, 0.693171, 0.718098, 0.721266, 0.727423, 0.726866, 0.750426, 0.756508, 0.782588, 0.773621, 0.798660, 0.806139, 0.803474, 0.804529, 0.847744, 0.842068, 0.844155, 0.850912, 0.845270, 0.887065, 0.882445, 0.905127, 0.928263, 0.927128, 0.949753, 0.946783, 0.947535, 0.964241, 0.968802, 0.991388, 1.002066, 1.011290, 1.022340, 1.043744, ]
	 CI LB in the last trial: [-0.027486, -0.022877, 0.008903, 0.011574, 0.023226, 0.025558, 0.033891, 0.040237, 0.035499, 0.070260, 0.079393, 0.082697, 0.094646, 0.111750, 0.108356, 0.123053, 0.125405, 0.157268, 0.168400, 0.179052, 0.182088, 0.170382, 0.213233, 0.211057, 0.208135, 0.242496, 0.237275, 0.255678, 0.274275, 0.285374, 0.287354, 0.275658, 0.302819, 0.300589, 0.319685, 0.332592, 0.359594, 0.357421, 0.356094, 0.382554, 0.388171, 0.376472, 0.389254, 0.401817, 0.427424, 0.428316, 0.426186, 0.450677, 0.428874, 0.473866, 0.473079, 0.488544, 0.500059, 0.507758, 0.520462, 0.519741, 0.542537, 0.549311, 0.570962, 0.578186, 0.560624, 0.566337, 0.603764, 0.614211, 0.611992, 0.615736, 0.635684, 0.642559, 0.662197, 0.685851, 0.693451, 0.701412, 0.701076, 0.705366, 0.724483, 0.736941, 0.756697, 0.751901, 0.762229, 0.784636, 0.780332, 0.799141, 0.783902, 0.809081, 0.832129, 0.819338, 0.849821, 0.835206, 0.842448, 0.873805, 0.871163, 0.883033, 0.886508, 0.918073, 0.910311, 0.914704, 0.929707, 0.945421, 0.955742, 0.967924, ]
