----->
	 Cov Rate: 0.993 	 (0.08337265738837882) 	Avg Len: 0.545710157351842 	 (0.00569107635657051) 
	 d: 20 	 n: 100000 	 M ratio: 0.25 	 eta_0: 0.5 	 alpha: 0.501 	 # Trials: 500
	 True solution:           [0.000000, 0.052632, 0.105263, 0.157895, 0.210526, 0.263158, 0.315789, 0.368421, 0.421053, 0.473684, 0.526316, 0.578947, 0.631579, 0.684211, 0.736842, 0.789474, 0.842105, 0.894737, 0.947368, 1.000000, ]
	 center in last trial:    [-0.004101, 0.061408, 0.105523, 0.151163, 0.212553, 0.255830, 0.318466, 0.370183, 0.426371, 0.463367, 0.520352, 0.584677, 0.632006, 0.680765, 0.732252, 0.793308, 0.837969, 0.891364, 0.941236, 1.009345, ]
	 CI UB in the last trial: [0.009145, 0.193786, 0.205763, 0.196799, 0.244544, 0.273544, 0.350108, 0.384080, 0.484368, 0.495630, 0.592764, 0.629777, 0.672032, 0.722903, 0.815598, 0.845447, 0.958741, 0.928694, 0.995888, 1.113981, ]
	 CI LB in the last trial: [-0.017347, -0.070970, 0.005283, 0.105527, 0.180563, 0.238117, 0.286823, 0.356285, 0.368374, 0.431104, 0.447940, 0.539578, 0.591980, 0.638626, 0.648906, 0.741168, 0.717196, 0.854034, 0.886584, 0.904708, ]
----->
	 Cov Rate: 0.921 	 (0.26973876250921) 	Avg Len: 0.014423339845905422 	 (1.0389659355061423e-05) 
	 d: 20 	 n: 100000 	 M ratio: 0.25 	 eta_0: 0.1 	 alpha: 0.501 	 # Trials: 500
	 True solution:           [0.000000, 0.052632, 0.105263, 0.157895, 0.210526, 0.263158, 0.315789, 0.368421, 0.421053, 0.473684, 0.526316, 0.578947, 0.631579, 0.684211, 0.736842, 0.789474, 0.842105, 0.894737, 0.947368, 1.000000, ]
	 center in last trial:    [-0.002492, 0.053657, 0.109070, 0.153615, 0.211739, 0.258862, 0.316505, 0.370647, 0.422939, 0.466812, 0.524204, 0.581509, 0.629801, 0.683611, 0.735221, 0.788739, 0.845845, 0.892769, 0.944082, 1.001843, ]
	 CI UB in the last trial: [0.012602, 0.065372, 0.128852, 0.164675, 0.224416, 0.289833, 0.328544, 0.385468, 0.442249, 0.484489, 0.533749, 0.596743, 0.647212, 0.699989, 0.759979, 0.806798, 0.853978, 0.903383, 0.956568, 1.016876, ]
	 CI LB in the last trial: [-0.017587, 0.041941, 0.089288, 0.142556, 0.199062, 0.227890, 0.304466, 0.355826, 0.403629, 0.449134, 0.514659, 0.566274, 0.612390, 0.667233, 0.710462, 0.770681, 0.837712, 0.882155, 0.931595, 0.986810, ]
----->
	 Cov Rate: 0.8946 	 (0.30706813576143005) 	Avg Len: 0.014606464454679275 	 (1.2453867550612127e-05) 
	 d: 20 	 n: 100000 	 M ratio: 0.25 	 eta_0: 0.05 	 alpha: 0.501 	 # Trials: 500
	 True solution:           [0.000000, 0.052632, 0.105263, 0.157895, 0.210526, 0.263158, 0.315789, 0.368421, 0.421053, 0.473684, 0.526316, 0.578947, 0.631579, 0.684211, 0.736842, 0.789474, 0.842105, 0.894737, 0.947368, 1.000000, ]
	 center in last trial:    [-0.001443, 0.054325, 0.109122, 0.153702, 0.213219, 0.260628, 0.317592, 0.370920, 0.422738, 0.468002, 0.523869, 0.580575, 0.629970, 0.684679, 0.733541, 0.786916, 0.845334, 0.892109, 0.942500, 1.000299, ]
	 CI UB in the last trial: [0.017551, 0.067865, 0.120978, 0.163373, 0.231338, 0.296060, 0.331544, 0.383421, 0.439680, 0.489319, 0.532141, 0.596507, 0.644240, 0.696491, 0.762604, 0.809799, 0.852105, 0.903505, 0.962718, 1.022660, ]
	 CI LB in the last trial: [-0.020437, 0.040785, 0.097266, 0.144032, 0.195101, 0.225196, 0.303641, 0.358419, 0.405796, 0.446685, 0.515598, 0.564643, 0.615700, 0.672868, 0.704478, 0.764032, 0.838563, 0.880714, 0.922282, 0.977937, ]
----->
	 Cov Rate: 0.2597 	 (0.43846996476383643) 	Avg Len: 0.03417560299590868 	 (3.60164938374602e-05) 
	 d: 20 	 n: 100000 	 M ratio: 0.25 	 eta_0: 0.01 	 alpha: 0.501 	 # Trials: 500
	 True solution:           [0.000000, 0.052632, 0.105263, 0.157895, 0.210526, 0.263158, 0.315789, 0.368421, 0.421053, 0.473684, 0.526316, 0.578947, 0.631579, 0.684211, 0.736842, 0.789474, 0.842105, 0.894737, 0.947368, 1.000000, ]
	 center in last trial:    [0.036738, 0.088159, 0.128506, 0.175972, 0.241924, 0.290241, 0.334978, 0.378423, 0.420617, 0.475188, 0.517702, 0.571849, 0.618558, 0.673853, 0.705215, 0.756049, 0.821318, 0.864968, 0.905334, 0.957584, ]
	 CI UB in the last trial: [0.093417, 0.137309, 0.152713, 0.206110, 0.284029, 0.340407, 0.359026, 0.393271, 0.434283, 0.490201, 0.537057, 0.594873, 0.644039, 0.697817, 0.758654, 0.811525, 0.861969, 0.913779, 0.971477, 1.031669, ]
	 CI LB in the last trial: [-0.019941, 0.039009, 0.104299, 0.145834, 0.199820, 0.240075, 0.310929, 0.363575, 0.406952, 0.460175, 0.498347, 0.548826, 0.593076, 0.649890, 0.651776, 0.700574, 0.780667, 0.816158, 0.839191, 0.883499, ]
