----->
	 Cov Rate: 0.989 	 (0.10430244484191155) 	Avg Len: 0.07959881616903508 	 (0.00036188729236525763) 
	 d: 20 	 n: 100000 	 M ratio: 0.25 	 eta_0: 0.5 	 alpha: 0.501 	 # Trials: 500
	 True solution:           [0.000000, 0.052632, 0.105263, 0.157895, 0.210526, 0.263158, 0.315789, 0.368421, 0.421053, 0.473684, 0.526316, 0.578947, 0.631579, 0.684211, 0.736842, 0.789474, 0.842105, 0.894737, 0.947368, 1.000000, ]
	 center in last trial:    [0.008195, 0.058413, 0.104844, 0.152851, 0.207479, 0.261734, 0.306667, 0.375571, 0.415552, 0.470674, 0.518712, 0.573983, 0.630214, 0.676532, 0.736427, 0.788168, 0.847465, 0.890572, 0.953121, 1.007107, ]
	 CI UB in the last trial: [0.074145, 0.192618, 0.215111, 0.201585, 0.279265, 0.303918, 0.397423, 0.404894, 0.449008, 0.483651, 0.599174, 0.659461, 0.645689, 0.744044, 0.758205, 0.813748, 0.864701, 0.921340, 1.105133, 1.128039, ]
	 CI LB in the last trial: [-0.057754, -0.075793, -0.005424, 0.104118, 0.135692, 0.219550, 0.215911, 0.346248, 0.382095, 0.457698, 0.438250, 0.488505, 0.614739, 0.609020, 0.714650, 0.762588, 0.830229, 0.859805, 0.801109, 0.886174, ]
----->
	 Cov Rate: 0.9292 	 (0.2564904676591315) 	Avg Len: 0.012929805995531316 	 (7.066365395225369e-06) 
	 d: 20 	 n: 100000 	 M ratio: 0.25 	 eta_0: 0.1 	 alpha: 0.501 	 # Trials: 500
	 True solution:           [0.000000, 0.052632, 0.105263, 0.157895, 0.210526, 0.263158, 0.315789, 0.368421, 0.421053, 0.473684, 0.526316, 0.578947, 0.631579, 0.684211, 0.736842, 0.789474, 0.842105, 0.894737, 0.947368, 1.000000, ]
	 center in last trial:    [0.004727, 0.052054, 0.111195, 0.156241, 0.211986, 0.265289, 0.311815, 0.372738, 0.418611, 0.471774, 0.523036, 0.577518, 0.629342, 0.681245, 0.737735, 0.787371, 0.846208, 0.891432, 0.944738, 1.000094, ]
	 CI UB in the last trial: [0.017856, 0.072057, 0.116941, 0.167227, 0.223192, 0.282335, 0.329113, 0.391362, 0.438774, 0.484741, 0.538715, 0.587940, 0.639484, 0.693646, 0.754979, 0.799305, 0.856967, 0.901940, 0.955354, 1.010415, ]
	 CI LB in the last trial: [-0.008402, 0.032051, 0.105450, 0.145255, 0.200779, 0.248242, 0.294517, 0.354114, 0.398448, 0.458807, 0.507358, 0.567095, 0.619200, 0.668843, 0.720491, 0.775438, 0.835448, 0.880923, 0.934121, 0.989774, ]
----->
	 Cov Rate: 0.9294 	 (0.2561554996481629) 	Avg Len: 0.015525762852124422 	 (1.2677487226601794e-05) 
	 d: 20 	 n: 100000 	 M ratio: 0.25 	 eta_0: 0.05 	 alpha: 0.501 	 # Trials: 500
	 True solution:           [0.000000, 0.052632, 0.105263, 0.157895, 0.210526, 0.263158, 0.315789, 0.368421, 0.421053, 0.473684, 0.526316, 0.578947, 0.631579, 0.684211, 0.736842, 0.789474, 0.842105, 0.894737, 0.947368, 1.000000, ]
	 center in last trial:    [0.003888, 0.052769, 0.111182, 0.156676, 0.212050, 0.265869, 0.311439, 0.372156, 0.418093, 0.471447, 0.522548, 0.576286, 0.628492, 0.681245, 0.736984, 0.786535, 0.845526, 0.890226, 0.943401, 0.998004, ]
	 CI UB in the last trial: [0.016131, 0.073159, 0.117018, 0.167744, 0.222805, 0.282088, 0.329879, 0.392416, 0.431520, 0.482970, 0.539139, 0.592839, 0.634735, 0.690630, 0.747225, 0.796934, 0.858811, 0.904735, 0.954815, 1.017173, ]
	 CI LB in the last trial: [-0.008356, 0.032379, 0.105346, 0.145608, 0.201295, 0.249650, 0.292998, 0.351896, 0.404666, 0.459923, 0.505958, 0.559734, 0.622250, 0.671860, 0.726743, 0.776136, 0.832241, 0.875718, 0.931986, 0.978834, ]
----->
	 Cov Rate: 0.4351 	 (0.4957700979284652) 	Avg Len: 0.05042713931046697 	 (5.964922557768248e-05) 
	 d: 20 	 n: 100000 	 M ratio: 0.25 	 eta_0: 0.01 	 alpha: 0.501 	 # Trials: 500
	 True solution:           [0.000000, 0.052632, 0.105263, 0.157895, 0.210526, 0.263158, 0.315789, 0.368421, 0.421053, 0.473684, 0.526316, 0.578947, 0.631579, 0.684211, 0.736842, 0.789474, 0.842105, 0.894737, 0.947368, 1.000000, ]
	 center in last trial:    [-0.000105, 0.057164, 0.107354, 0.153602, 0.207631, 0.258419, 0.296926, 0.354711, 0.402223, 0.450282, 0.496089, 0.545645, 0.601272, 0.650585, 0.706315, 0.751661, 0.807191, 0.848770, 0.899336, 0.945709, ]
	 CI UB in the last trial: [0.006602, 0.071541, 0.115652, 0.162843, 0.216658, 0.267631, 0.330566, 0.394376, 0.429778, 0.493084, 0.549303, 0.607577, 0.653439, 0.708359, 0.765188, 0.819675, 0.883570, 0.930688, 0.986542, 1.047007, ]
	 CI LB in the last trial: [-0.006812, 0.042787, 0.099055, 0.144360, 0.198604, 0.249208, 0.263286, 0.315047, 0.374667, 0.407480, 0.442874, 0.483712, 0.549105, 0.592811, 0.647442, 0.683646, 0.730812, 0.766852, 0.812131, 0.844410, ]
