----->
	 Cov Rate: 0.94504 	 (0.22790216848463726) 	Avg Len: 0.03366289108296161 	 (3.677790322813161e-05) 
	 d: 100 	 n: 100000 	 R: 3 	 eta_0: 0.1 	 alpha: 0.501 	 # Trials: 500
	 True solution:           [0.000000, 0.010101, 0.020202, 0.030303, 0.040404, 0.050505, 0.060606, 0.070707, 0.080808, 0.090909, 0.101010, 0.111111, 0.121212, 0.131313, 0.141414, 0.151515, 0.161616, 0.171717, 0.181818, 0.191919, 0.202020, 0.212121, 0.222222, 0.232323, 0.242424, 0.252525, 0.262626, 0.272727, 0.282828, 0.292929, 0.303030, 0.313131, 0.323232, 0.333333, 0.343434, 0.353535, 0.363636, 0.373737, 0.383838, 0.393939, 0.404040, 0.414141, 0.424242, 0.434343, 0.444444, 0.454545, 0.464646, 0.474747, 0.484848, 0.494949, 0.505051, 0.515152, 0.525253, 0.535354, 0.545455, 0.555556, 0.565657, 0.575758, 0.585859, 0.595960, 0.606061, 0.616162, 0.626263, 0.636364, 0.646465, 0.656566, 0.666667, 0.676768, 0.686869, 0.696970, 0.707071, 0.717172, 0.727273, 0.737374, 0.747475, 0.757576, 0.767677, 0.777778, 0.787879, 0.797980, 0.808081, 0.818182, 0.828283, 0.838384, 0.848485, 0.858586, 0.868687, 0.878788, 0.888889, 0.898990, 0.909091, 0.919192, 0.929293, 0.939394, 0.949495, 0.959596, 0.969697, 0.979798, 0.989899, 1.000000, ]
	 center in last trial:    [-0.000527, 0.011908, 0.018113, 0.029192, 0.032334, 0.054278, 0.052597, 0.071200, 0.079639, 0.098900, 0.100107, 0.112608, 0.117429, 0.124255, 0.143299, 0.147885, 0.163408, 0.170531, 0.190804, 0.191840, 0.197791, 0.207506, 0.224896, 0.229987, 0.246464, 0.251738, 0.263564, 0.280824, 0.275181, 0.289838, 0.303578, 0.304819, 0.320603, 0.340504, 0.331769, 0.346054, 0.364608, 0.370660, 0.387817, 0.384748, 0.396027, 0.412864, 0.420259, 0.431256, 0.441191, 0.457865, 0.470094, 0.473775, 0.492337, 0.490004, 0.500578, 0.515378, 0.533011, 0.528499, 0.552129, 0.556728, 0.577394, 0.585346, 0.588309, 0.605092, 0.607050, 0.625269, 0.629610, 0.639289, 0.645695, 0.659048, 0.668390, 0.680278, 0.692355, 0.700341, 0.706674, 0.717658, 0.737887, 0.729440, 0.746217, 0.759038, 0.767104, 0.776070, 0.787194, 0.794022, 0.806602, 0.820563, 0.824700, 0.844470, 0.848877, 0.859455, 0.865362, 0.881883, 0.881564, 0.908426, 0.918551, 0.918492, 0.930009, 0.942542, 0.950079, 0.962808, 0.971985, 0.986052, 0.983340, 0.994709, ]
	 CI UB in the last trial: [0.052093, 0.043781, 0.044848, 0.062823, 0.070986, 0.107094, 0.095287, 0.096515, 0.117700, 0.137642, 0.149102, 0.125987, 0.138237, 0.134187, 0.181036, 0.157888, 0.183894, 0.191236, 0.211523, 0.194937, 0.251004, 0.235627, 0.236735, 0.265684, 0.264137, 0.294979, 0.298579, 0.303628, 0.283056, 0.350051, 0.334549, 0.361158, 0.355068, 0.388620, 0.358625, 0.376267, 0.406729, 0.395345, 0.404746, 0.427673, 0.443605, 0.420334, 0.454497, 0.481965, 0.470290, 0.494842, 0.521666, 0.506900, 0.517236, 0.532033, 0.522043, 0.561206, 0.561033, 0.544864, 0.579205, 0.591183, 0.596235, 0.587282, 0.606859, 0.641039, 0.621686, 0.643348, 0.667733, 0.688730, 0.679389, 0.679807, 0.693342, 0.689151, 0.715814, 0.769485, 0.726904, 0.753720, 0.748199, 0.767677, 0.758803, 0.812850, 0.786224, 0.824530, 0.793758, 0.828480, 0.836085, 0.846227, 0.831204, 0.899954, 0.904774, 0.907495, 0.928432, 0.909445, 0.939493, 0.920775, 0.946568, 0.949383, 0.970412, 0.988613, 0.988687, 0.984350, 1.026788, 1.018828, 0.990559, 1.007757, ]
	 CI LB in the last trial: [-0.053147, -0.019966, -0.008623, -0.004438, -0.006317, 0.001462, 0.009906, 0.045886, 0.041578, 0.060158, 0.051113, 0.099229, 0.096620, 0.114323, 0.105563, 0.137882, 0.142922, 0.149827, 0.170086, 0.188743, 0.144577, 0.179384, 0.213056, 0.194289, 0.228792, 0.208496, 0.228550, 0.258019, 0.267307, 0.229625, 0.272607, 0.248480, 0.286139, 0.292388, 0.304913, 0.315840, 0.322487, 0.345975, 0.370889, 0.341822, 0.348448, 0.405395, 0.386021, 0.380548, 0.412093, 0.420888, 0.418522, 0.440650, 0.467439, 0.447975, 0.479113, 0.469551, 0.504988, 0.512133, 0.525052, 0.522273, 0.558553, 0.583409, 0.569760, 0.569145, 0.592415, 0.607189, 0.591487, 0.589847, 0.612002, 0.638290, 0.643438, 0.671406, 0.668896, 0.631197, 0.686444, 0.681595, 0.727574, 0.691204, 0.733631, 0.705225, 0.747983, 0.727610, 0.780630, 0.759563, 0.777119, 0.794899, 0.818196, 0.788986, 0.792979, 0.811414, 0.802292, 0.854320, 0.823635, 0.896076, 0.890535, 0.887601, 0.889605, 0.896471, 0.911471, 0.941265, 0.917183, 0.953276, 0.976120, 0.981661, ]
----->
	 Cov Rate: 0.64114 	 (0.47966603006675385) 	Avg Len: 0.07173273171867352 	 (7.565218270125609e-05) 
	 d: 100 	 n: 100000 	 R: 3 	 eta_0: 0.01 	 alpha: 0.501 	 # Trials: 500
	 True solution:           [0.000000, 0.010101, 0.020202, 0.030303, 0.040404, 0.050505, 0.060606, 0.070707, 0.080808, 0.090909, 0.101010, 0.111111, 0.121212, 0.131313, 0.141414, 0.151515, 0.161616, 0.171717, 0.181818, 0.191919, 0.202020, 0.212121, 0.222222, 0.232323, 0.242424, 0.252525, 0.262626, 0.272727, 0.282828, 0.292929, 0.303030, 0.313131, 0.323232, 0.333333, 0.343434, 0.353535, 0.363636, 0.373737, 0.383838, 0.393939, 0.404040, 0.414141, 0.424242, 0.434343, 0.444444, 0.454545, 0.464646, 0.474747, 0.484848, 0.494949, 0.505051, 0.515152, 0.525253, 0.535354, 0.545455, 0.555556, 0.565657, 0.575758, 0.585859, 0.595960, 0.606061, 0.616162, 0.626263, 0.636364, 0.646465, 0.656566, 0.666667, 0.676768, 0.686869, 0.696970, 0.707071, 0.717172, 0.727273, 0.737374, 0.747475, 0.757576, 0.767677, 0.777778, 0.787879, 0.797980, 0.808081, 0.818182, 0.828283, 0.838384, 0.848485, 0.858586, 0.868687, 0.878788, 0.888889, 0.898990, 0.909091, 0.919192, 0.929293, 0.939394, 0.949495, 0.959596, 0.969697, 0.979798, 0.989899, 1.000000, ]
	 center in last trial:    [0.007169, 0.012944, 0.027481, 0.016888, 0.017045, 0.059761, 0.051628, 0.069944, 0.083931, 0.094968, 0.081795, 0.109791, 0.123508, 0.115905, 0.134999, 0.137704, 0.167428, 0.165646, 0.183359, 0.183010, 0.210283, 0.194374, 0.187342, 0.223113, 0.234866, 0.238326, 0.267441, 0.273268, 0.256239, 0.278354, 0.277138, 0.288803, 0.295534, 0.301568, 0.328259, 0.312185, 0.350971, 0.347303, 0.370878, 0.347192, 0.376534, 0.394251, 0.404532, 0.407336, 0.436208, 0.436408, 0.438522, 0.456273, 0.467367, 0.459998, 0.477086, 0.487882, 0.498624, 0.496602, 0.523493, 0.535023, 0.534557, 0.551967, 0.555794, 0.569385, 0.578811, 0.577073, 0.596966, 0.609870, 0.617095, 0.639662, 0.627298, 0.648274, 0.647753, 0.665488, 0.668371, 0.683681, 0.691261, 0.691574, 0.716119, 0.714590, 0.725131, 0.742506, 0.752890, 0.740839, 0.767544, 0.780497, 0.795961, 0.796782, 0.806919, 0.805771, 0.830310, 0.836218, 0.842534, 0.858219, 0.868685, 0.872797, 0.874725, 0.898952, 0.915725, 0.924614, 0.916315, 0.929480, 0.942415, 0.942798, ]
	 CI UB in the last trial: [0.081726, 0.068176, 0.140861, 0.047234, 0.061438, 0.104428, 0.144443, 0.130982, 0.129029, 0.196296, 0.219289, 0.173648, 0.197577, 0.225276, 0.162310, 0.231738, 0.260915, 0.239705, 0.244995, 0.240227, 0.380564, 0.245069, 0.236658, 0.303703, 0.333306, 0.333321, 0.307872, 0.379717, 0.278804, 0.294121, 0.341410, 0.423604, 0.388872, 0.341090, 0.376048, 0.417742, 0.450357, 0.381240, 0.399126, 0.472924, 0.395061, 0.419053, 0.480629, 0.459987, 0.457170, 0.454020, 0.528885, 0.503670, 0.488870, 0.523328, 0.601652, 0.579684, 0.556272, 0.565537, 0.555737, 0.633202, 0.655025, 0.686783, 0.633234, 0.606169, 0.666326, 0.689469, 0.647769, 0.688599, 0.705949, 0.697843, 0.652258, 0.713201, 0.761045, 0.761380, 0.730559, 0.766187, 0.782824, 0.760396, 0.732251, 0.839813, 0.793282, 0.895068, 0.846289, 0.763125, 0.799522, 0.882663, 0.863706, 0.984894, 0.898603, 0.864364, 0.921285, 0.929362, 0.902700, 0.934057, 1.035032, 0.970769, 0.906400, 0.959175, 0.967170, 1.029608, 0.979362, 1.015721, 1.015978, 0.951206, ]
	 CI LB in the last trial: [-0.067388, -0.042287, -0.085898, -0.013458, -0.027349, 0.015094, -0.041187, 0.008906, 0.038833, -0.006360, -0.055698, 0.045935, 0.049440, 0.006533, 0.107688, 0.043670, 0.073942, 0.091587, 0.121724, 0.125794, 0.040002, 0.143679, 0.138026, 0.142524, 0.136427, 0.143331, 0.227010, 0.166820, 0.233674, 0.262588, 0.212867, 0.154002, 0.202196, 0.262046, 0.280471, 0.206627, 0.251584, 0.313367, 0.342631, 0.221460, 0.358006, 0.369450, 0.328434, 0.354685, 0.415246, 0.418796, 0.348160, 0.408876, 0.445864, 0.396669, 0.352521, 0.396081, 0.440976, 0.427668, 0.491248, 0.436844, 0.414088, 0.417151, 0.478355, 0.532600, 0.491296, 0.464677, 0.546162, 0.531142, 0.528242, 0.581480, 0.602337, 0.583346, 0.534462, 0.569597, 0.606182, 0.601175, 0.599699, 0.622752, 0.699988, 0.589368, 0.656980, 0.589944, 0.659491, 0.718553, 0.735567, 0.678330, 0.728216, 0.608671, 0.715236, 0.747177, 0.739335, 0.743075, 0.782369, 0.782381, 0.702338, 0.774825, 0.843049, 0.838729, 0.864280, 0.819619, 0.853267, 0.843239, 0.868853, 0.934389, ]
----->
	 Cov Rate: 0.9424 	 (0.23298549311062267) 	Avg Len: 0.022920440583402906 	 (1.805833625876148e-05) 
	 d: 100 	 n: 100000 	 R: 5 	 eta_0: 0.1 	 alpha: 0.501 	 # Trials: 500
	 True solution:           [0.000000, 0.010101, 0.020202, 0.030303, 0.040404, 0.050505, 0.060606, 0.070707, 0.080808, 0.090909, 0.101010, 0.111111, 0.121212, 0.131313, 0.141414, 0.151515, 0.161616, 0.171717, 0.181818, 0.191919, 0.202020, 0.212121, 0.222222, 0.232323, 0.242424, 0.252525, 0.262626, 0.272727, 0.282828, 0.292929, 0.303030, 0.313131, 0.323232, 0.333333, 0.343434, 0.353535, 0.363636, 0.373737, 0.383838, 0.393939, 0.404040, 0.414141, 0.424242, 0.434343, 0.444444, 0.454545, 0.464646, 0.474747, 0.484848, 0.494949, 0.505051, 0.515152, 0.525253, 0.535354, 0.545455, 0.555556, 0.565657, 0.575758, 0.585859, 0.595960, 0.606061, 0.616162, 0.626263, 0.636364, 0.646465, 0.656566, 0.666667, 0.676768, 0.686869, 0.696970, 0.707071, 0.717172, 0.727273, 0.737374, 0.747475, 0.757576, 0.767677, 0.777778, 0.787879, 0.797980, 0.808081, 0.818182, 0.828283, 0.838384, 0.848485, 0.858586, 0.868687, 0.878788, 0.888889, 0.898990, 0.909091, 0.919192, 0.929293, 0.939394, 0.949495, 0.959596, 0.969697, 0.979798, 0.989899, 1.000000, ]
	 center in last trial:    [-0.000527, 0.011908, 0.018113, 0.029192, 0.032334, 0.054278, 0.052597, 0.071200, 0.079639, 0.098900, 0.100107, 0.112608, 0.117429, 0.124255, 0.143299, 0.147885, 0.163408, 0.170531, 0.190804, 0.191840, 0.197791, 0.207506, 0.224896, 0.229987, 0.246464, 0.251738, 0.263564, 0.280824, 0.275181, 0.289838, 0.303578, 0.304819, 0.320603, 0.340504, 0.331769, 0.346054, 0.364608, 0.370660, 0.387817, 0.384748, 0.396027, 0.412864, 0.420259, 0.431256, 0.441191, 0.457865, 0.470094, 0.473775, 0.492337, 0.490004, 0.500578, 0.515378, 0.533011, 0.528499, 0.552129, 0.556728, 0.577394, 0.585346, 0.588309, 0.605092, 0.607050, 0.625269, 0.629610, 0.639289, 0.645695, 0.659048, 0.668390, 0.680278, 0.692355, 0.700341, 0.706674, 0.717658, 0.737887, 0.729440, 0.746217, 0.759038, 0.767104, 0.776070, 0.787194, 0.794022, 0.806602, 0.820563, 0.824700, 0.844470, 0.848877, 0.859455, 0.865362, 0.881883, 0.881564, 0.908426, 0.918551, 0.918492, 0.930009, 0.942542, 0.950079, 0.962808, 0.971985, 0.986052, 0.983340, 0.994709, ]
	 CI UB in the last trial: [0.024854, 0.044368, 0.039088, 0.050468, 0.056093, 0.079226, 0.072212, 0.089184, 0.106087, 0.120105, 0.141950, 0.128328, 0.137386, 0.145568, 0.161414, 0.153153, 0.173020, 0.190791, 0.207971, 0.203813, 0.222981, 0.231032, 0.241438, 0.250990, 0.264505, 0.281258, 0.294848, 0.301861, 0.293452, 0.322729, 0.318270, 0.332266, 0.357004, 0.364450, 0.352453, 0.360077, 0.386099, 0.390608, 0.397367, 0.409335, 0.432815, 0.434235, 0.443060, 0.465276, 0.461567, 0.477997, 0.514852, 0.496915, 0.527921, 0.512056, 0.527564, 0.541316, 0.546974, 0.538152, 0.570337, 0.573686, 0.603795, 0.606518, 0.598435, 0.639552, 0.625623, 0.635608, 0.649011, 0.665225, 0.672544, 0.675844, 0.691527, 0.688576, 0.704903, 0.731983, 0.731674, 0.734313, 0.754499, 0.758301, 0.756486, 0.793172, 0.793773, 0.808133, 0.797379, 0.810341, 0.821599, 0.838025, 0.835881, 0.872001, 0.883627, 0.881881, 0.897194, 0.901474, 0.919043, 0.915971, 0.941767, 0.937702, 0.951906, 0.973196, 0.968627, 0.979377, 1.000459, 1.008605, 1.005145, 1.016822, ]
	 CI LB in the last trial: [-0.025907, -0.020552, -0.002863, 0.007916, 0.008576, 0.029330, 0.032981, 0.053216, 0.053191, 0.077695, 0.058265, 0.096889, 0.097471, 0.102941, 0.125184, 0.142616, 0.153797, 0.150271, 0.173637, 0.179868, 0.172600, 0.183980, 0.208354, 0.208983, 0.228424, 0.222218, 0.232280, 0.259787, 0.256911, 0.256947, 0.288885, 0.277373, 0.284203, 0.316558, 0.311085, 0.332031, 0.343118, 0.350712, 0.378267, 0.360160, 0.359238, 0.391494, 0.397458, 0.397237, 0.420816, 0.437734, 0.425335, 0.450635, 0.456754, 0.467952, 0.473592, 0.489441, 0.519047, 0.518846, 0.533920, 0.539769, 0.550994, 0.564173, 0.578184, 0.570632, 0.588477, 0.614930, 0.610210, 0.613352, 0.618847, 0.642253, 0.645254, 0.671981, 0.679806, 0.668699, 0.681673, 0.701003, 0.721274, 0.700580, 0.735949, 0.724903, 0.740435, 0.744007, 0.777008, 0.777702, 0.791605, 0.803101, 0.813519, 0.816939, 0.814127, 0.837028, 0.833530, 0.862291, 0.844085, 0.900881, 0.895336, 0.899282, 0.908112, 0.911888, 0.931531, 0.946238, 0.943512, 0.963499, 0.961534, 0.972596, ]
----->
	 Cov Rate: 0.48158 	 (0.4996605883997657) 	Avg Len: 0.04919153915541513 	 (3.606240124208194e-05) 
	 d: 100 	 n: 100000 	 R: 5 	 eta_0: 0.01 	 alpha: 0.501 	 # Trials: 500
	 True solution:           [0.000000, 0.010101, 0.020202, 0.030303, 0.040404, 0.050505, 0.060606, 0.070707, 0.080808, 0.090909, 0.101010, 0.111111, 0.121212, 0.131313, 0.141414, 0.151515, 0.161616, 0.171717, 0.181818, 0.191919, 0.202020, 0.212121, 0.222222, 0.232323, 0.242424, 0.252525, 0.262626, 0.272727, 0.282828, 0.292929, 0.303030, 0.313131, 0.323232, 0.333333, 0.343434, 0.353535, 0.363636, 0.373737, 0.383838, 0.393939, 0.404040, 0.414141, 0.424242, 0.434343, 0.444444, 0.454545, 0.464646, 0.474747, 0.484848, 0.494949, 0.505051, 0.515152, 0.525253, 0.535354, 0.545455, 0.555556, 0.565657, 0.575758, 0.585859, 0.595960, 0.606061, 0.616162, 0.626263, 0.636364, 0.646465, 0.656566, 0.666667, 0.676768, 0.686869, 0.696970, 0.707071, 0.717172, 0.727273, 0.737374, 0.747475, 0.757576, 0.767677, 0.777778, 0.787879, 0.797980, 0.808081, 0.818182, 0.828283, 0.838384, 0.848485, 0.858586, 0.868687, 0.878788, 0.888889, 0.898990, 0.909091, 0.919192, 0.929293, 0.939394, 0.949495, 0.959596, 0.969697, 0.979798, 0.989899, 1.000000, ]
	 center in last trial:    [0.007169, 0.012944, 0.027481, 0.016888, 0.017045, 0.059761, 0.051628, 0.069944, 0.083931, 0.094968, 0.081795, 0.109791, 0.123508, 0.115905, 0.134999, 0.137704, 0.167428, 0.165646, 0.183359, 0.183010, 0.210283, 0.194374, 0.187342, 0.223113, 0.234866, 0.238326, 0.267441, 0.273268, 0.256239, 0.278354, 0.277138, 0.288803, 0.295534, 0.301568, 0.328259, 0.312185, 0.350971, 0.347303, 0.370878, 0.347192, 0.376534, 0.394251, 0.404532, 0.407336, 0.436208, 0.436408, 0.438522, 0.456273, 0.467367, 0.459998, 0.477086, 0.487882, 0.498624, 0.496602, 0.523493, 0.535023, 0.534557, 0.551967, 0.555794, 0.569385, 0.578811, 0.577073, 0.596966, 0.609870, 0.617095, 0.639662, 0.627298, 0.648274, 0.647753, 0.665488, 0.668371, 0.683681, 0.691261, 0.691574, 0.716119, 0.714590, 0.725131, 0.742506, 0.752890, 0.740839, 0.767544, 0.780497, 0.795961, 0.796782, 0.806919, 0.805771, 0.830310, 0.836218, 0.842534, 0.858219, 0.868685, 0.872797, 0.874725, 0.898952, 0.915725, 0.924614, 0.916315, 0.929480, 0.942415, 0.942798, ]
	 CI UB in the last trial: [0.090290, 0.054614, 0.081509, 0.075717, 0.038850, 0.123092, 0.109598, 0.115575, 0.142083, 0.148503, 0.155102, 0.174151, 0.190517, 0.183909, 0.150686, 0.188606, 0.215377, 0.205365, 0.245275, 0.215649, 0.302300, 0.229924, 0.223947, 0.270220, 0.299847, 0.311353, 0.315849, 0.329871, 0.296176, 0.300424, 0.310693, 0.379630, 0.348161, 0.353576, 0.366919, 0.361659, 0.403475, 0.376952, 0.384172, 0.413246, 0.401025, 0.410066, 0.472423, 0.440659, 0.486357, 0.491534, 0.483464, 0.486048, 0.490444, 0.496642, 0.556791, 0.543161, 0.531161, 0.548892, 0.552625, 0.581234, 0.595332, 0.624608, 0.593139, 0.598654, 0.619134, 0.630611, 0.683489, 0.648537, 0.681781, 0.691668, 0.661300, 0.699699, 0.702275, 0.732088, 0.714596, 0.722149, 0.753600, 0.723205, 0.730875, 0.778886, 0.776097, 0.821472, 0.803465, 0.768053, 0.802152, 0.831821, 0.857275, 0.889810, 0.859121, 0.857153, 0.879062, 0.888172, 0.902618, 0.914604, 0.955618, 0.933221, 0.899926, 0.969583, 0.943055, 0.983818, 0.957522, 0.971205, 0.989546, 0.979851, ]
	 CI LB in the last trial: [-0.075952, -0.028726, -0.026547, -0.041941, -0.004761, -0.003571, -0.006342, 0.024312, 0.025778, 0.041432, 0.008489, 0.045432, 0.056500, 0.047900, 0.119311, 0.086801, 0.119480, 0.125926, 0.121444, 0.150372, 0.118265, 0.158824, 0.150737, 0.176006, 0.169885, 0.165299, 0.219032, 0.216665, 0.216303, 0.256285, 0.243584, 0.197977, 0.242906, 0.249560, 0.289600, 0.262710, 0.298466, 0.317655, 0.357584, 0.281137, 0.352042, 0.378436, 0.336640, 0.374013, 0.386060, 0.381283, 0.393581, 0.426498, 0.444291, 0.423355, 0.397382, 0.432604, 0.466087, 0.444313, 0.494360, 0.488812, 0.473781, 0.479327, 0.518450, 0.540115, 0.538489, 0.523534, 0.510443, 0.571204, 0.552410, 0.587656, 0.593296, 0.596848, 0.593231, 0.598889, 0.622146, 0.645212, 0.628923, 0.659943, 0.701364, 0.650294, 0.674166, 0.663540, 0.702314, 0.713625, 0.732937, 0.729172, 0.734648, 0.703755, 0.754717, 0.754388, 0.781558, 0.784265, 0.782450, 0.801835, 0.781751, 0.812373, 0.849523, 0.828321, 0.888395, 0.865410, 0.875107, 0.887755, 0.895285, 0.905744, ]
----->
	 Cov Rate: 0.94078 	 (0.23603599640732764) 	Avg Len: 0.020152409960807766 	 (1.2207885746072032e-05) 
	 d: 100 	 n: 100000 	 R: 8 	 eta_0: 0.1 	 alpha: 0.501 	 # Trials: 500
	 True solution:           [0.000000, 0.010101, 0.020202, 0.030303, 0.040404, 0.050505, 0.060606, 0.070707, 0.080808, 0.090909, 0.101010, 0.111111, 0.121212, 0.131313, 0.141414, 0.151515, 0.161616, 0.171717, 0.181818, 0.191919, 0.202020, 0.212121, 0.222222, 0.232323, 0.242424, 0.252525, 0.262626, 0.272727, 0.282828, 0.292929, 0.303030, 0.313131, 0.323232, 0.333333, 0.343434, 0.353535, 0.363636, 0.373737, 0.383838, 0.393939, 0.404040, 0.414141, 0.424242, 0.434343, 0.444444, 0.454545, 0.464646, 0.474747, 0.484848, 0.494949, 0.505051, 0.515152, 0.525253, 0.535354, 0.545455, 0.555556, 0.565657, 0.575758, 0.585859, 0.595960, 0.606061, 0.616162, 0.626263, 0.636364, 0.646465, 0.656566, 0.666667, 0.676768, 0.686869, 0.696970, 0.707071, 0.717172, 0.727273, 0.737374, 0.747475, 0.757576, 0.767677, 0.777778, 0.787879, 0.797980, 0.808081, 0.818182, 0.828283, 0.838384, 0.848485, 0.858586, 0.868687, 0.878788, 0.888889, 0.898990, 0.909091, 0.919192, 0.929293, 0.939394, 0.949495, 0.959596, 0.969697, 0.979798, 0.989899, 1.000000, ]
	 center in last trial:    [-0.000527, 0.011908, 0.018113, 0.029192, 0.032334, 0.054278, 0.052597, 0.071200, 0.079639, 0.098900, 0.100107, 0.112608, 0.117429, 0.124255, 0.143299, 0.147885, 0.163408, 0.170531, 0.190804, 0.191840, 0.197791, 0.207506, 0.224896, 0.229987, 0.246464, 0.251738, 0.263564, 0.280824, 0.275181, 0.289838, 0.303578, 0.304819, 0.320603, 0.340504, 0.331769, 0.346054, 0.364608, 0.370660, 0.387817, 0.384748, 0.396027, 0.412864, 0.420259, 0.431256, 0.441191, 0.457865, 0.470094, 0.473775, 0.492337, 0.490004, 0.500578, 0.515378, 0.533011, 0.528499, 0.552129, 0.556728, 0.577394, 0.585346, 0.588309, 0.605092, 0.607050, 0.625269, 0.629610, 0.639289, 0.645695, 0.659048, 0.668390, 0.680278, 0.692355, 0.700341, 0.706674, 0.717658, 0.737887, 0.729440, 0.746217, 0.759038, 0.767104, 0.776070, 0.787194, 0.794022, 0.806602, 0.820563, 0.824700, 0.844470, 0.848877, 0.859455, 0.865362, 0.881883, 0.881564, 0.908426, 0.918551, 0.918492, 0.930009, 0.942542, 0.950079, 0.962808, 0.971985, 0.986052, 0.983340, 0.994709, ]
	 CI UB in the last trial: [0.021391, 0.037643, 0.039183, 0.049721, 0.055442, 0.080061, 0.075229, 0.086870, 0.099716, 0.120918, 0.133839, 0.132039, 0.132484, 0.146296, 0.164728, 0.164466, 0.176408, 0.191304, 0.211691, 0.209313, 0.217699, 0.227678, 0.242750, 0.244862, 0.259968, 0.276503, 0.291479, 0.298283, 0.297574, 0.317412, 0.328991, 0.330135, 0.346656, 0.364162, 0.347159, 0.362438, 0.387001, 0.393078, 0.400878, 0.403956, 0.422290, 0.444341, 0.437957, 0.455083, 0.460190, 0.472003, 0.501828, 0.489532, 0.523315, 0.507984, 0.524245, 0.533840, 0.548269, 0.541867, 0.572302, 0.570151, 0.598393, 0.619861, 0.607157, 0.628047, 0.619529, 0.636328, 0.644396, 0.657749, 0.670269, 0.676866, 0.686125, 0.701708, 0.713505, 0.733383, 0.732834, 0.733561, 0.752875, 0.751648, 0.759242, 0.786562, 0.789771, 0.802087, 0.797959, 0.809102, 0.822743, 0.837991, 0.841187, 0.869783, 0.873212, 0.874775, 0.901236, 0.897243, 0.912089, 0.919930, 0.936418, 0.935022, 0.950524, 0.964607, 0.962689, 0.980933, 0.991338, 1.011484, 1.001644, 1.010316, ]
	 CI LB in the last trial: [-0.022445, -0.013827, -0.002958, 0.008664, 0.009227, 0.028495, 0.029964, 0.055531, 0.059562, 0.076883, 0.066375, 0.093177, 0.102373, 0.102213, 0.121871, 0.131303, 0.150408, 0.149758, 0.169917, 0.174368, 0.177882, 0.187334, 0.207041, 0.215111, 0.232961, 0.226973, 0.235650, 0.263365, 0.252789, 0.262264, 0.278165, 0.279503, 0.294550, 0.316846, 0.316379, 0.329669, 0.342216, 0.348242, 0.374757, 0.365539, 0.369763, 0.381388, 0.402561, 0.407430, 0.422193, 0.443728, 0.438359, 0.458018, 0.461360, 0.472024, 0.476912, 0.496917, 0.517752, 0.515131, 0.531956, 0.543305, 0.556396, 0.550830, 0.569462, 0.582137, 0.594572, 0.614210, 0.614825, 0.620828, 0.621122, 0.641231, 0.650656, 0.658849, 0.671205, 0.667300, 0.680514, 0.701754, 0.722899, 0.707232, 0.733192, 0.731513, 0.744436, 0.750053, 0.776429, 0.778942, 0.790461, 0.803135, 0.808213, 0.819158, 0.824542, 0.844135, 0.829488, 0.866522, 0.851038, 0.896922, 0.900685, 0.901963, 0.909494, 0.920476, 0.937469, 0.944683, 0.952633, 0.960620, 0.965036, 0.979102, ]
----->
	 Cov Rate: 0.42228 	 (0.49392266763128007) 	Avg Len: 0.04307535029901593 	 (2.3675424668138995e-05) 
	 d: 100 	 n: 100000 	 R: 8 	 eta_0: 0.01 	 alpha: 0.501 	 # Trials: 500
	 True solution:           [0.000000, 0.010101, 0.020202, 0.030303, 0.040404, 0.050505, 0.060606, 0.070707, 0.080808, 0.090909, 0.101010, 0.111111, 0.121212, 0.131313, 0.141414, 0.151515, 0.161616, 0.171717, 0.181818, 0.191919, 0.202020, 0.212121, 0.222222, 0.232323, 0.242424, 0.252525, 0.262626, 0.272727, 0.282828, 0.292929, 0.303030, 0.313131, 0.323232, 0.333333, 0.343434, 0.353535, 0.363636, 0.373737, 0.383838, 0.393939, 0.404040, 0.414141, 0.424242, 0.434343, 0.444444, 0.454545, 0.464646, 0.474747, 0.484848, 0.494949, 0.505051, 0.515152, 0.525253, 0.535354, 0.545455, 0.555556, 0.565657, 0.575758, 0.585859, 0.595960, 0.606061, 0.616162, 0.626263, 0.636364, 0.646465, 0.656566, 0.666667, 0.676768, 0.686869, 0.696970, 0.707071, 0.717172, 0.727273, 0.737374, 0.747475, 0.757576, 0.767677, 0.777778, 0.787879, 0.797980, 0.808081, 0.818182, 0.828283, 0.838384, 0.848485, 0.858586, 0.868687, 0.878788, 0.888889, 0.898990, 0.909091, 0.919192, 0.929293, 0.939394, 0.949495, 0.959596, 0.969697, 0.979798, 0.989899, 1.000000, ]
	 center in last trial:    [0.007169, 0.012944, 0.027481, 0.016888, 0.017045, 0.059761, 0.051628, 0.069944, 0.083931, 0.094968, 0.081795, 0.109791, 0.123508, 0.115905, 0.134999, 0.137704, 0.167428, 0.165646, 0.183359, 0.183010, 0.210283, 0.194374, 0.187342, 0.223113, 0.234866, 0.238326, 0.267441, 0.273268, 0.256239, 0.278354, 0.277138, 0.288803, 0.295534, 0.301568, 0.328259, 0.312185, 0.350971, 0.347303, 0.370878, 0.347192, 0.376534, 0.394251, 0.404532, 0.407336, 0.436208, 0.436408, 0.438522, 0.456273, 0.467367, 0.459998, 0.477086, 0.487882, 0.498624, 0.496602, 0.523493, 0.535023, 0.534557, 0.551967, 0.555794, 0.569385, 0.578811, 0.577073, 0.596966, 0.609870, 0.617095, 0.639662, 0.627298, 0.648274, 0.647753, 0.665488, 0.668371, 0.683681, 0.691261, 0.691574, 0.716119, 0.714590, 0.725131, 0.742506, 0.752890, 0.740839, 0.767544, 0.780497, 0.795961, 0.796782, 0.806919, 0.805771, 0.830310, 0.836218, 0.842534, 0.858219, 0.868685, 0.872797, 0.874725, 0.898952, 0.915725, 0.924614, 0.916315, 0.929480, 0.942415, 0.942798, ]
	 CI UB in the last trial: [0.063663, 0.057293, 0.069631, 0.063385, 0.043326, 0.106665, 0.090340, 0.109152, 0.129259, 0.131505, 0.132899, 0.161105, 0.181875, 0.165551, 0.162704, 0.176877, 0.201287, 0.195412, 0.232929, 0.211738, 0.273313, 0.229346, 0.225585, 0.255065, 0.280214, 0.287130, 0.308614, 0.322623, 0.300896, 0.315813, 0.320037, 0.355644, 0.330529, 0.359870, 0.359102, 0.367418, 0.395657, 0.377242, 0.406874, 0.394983, 0.414854, 0.429250, 0.458198, 0.434004, 0.474646, 0.490258, 0.479590, 0.501732, 0.485196, 0.490425, 0.534642, 0.525802, 0.533246, 0.560007, 0.570641, 0.569420, 0.582599, 0.604787, 0.589659, 0.595397, 0.606319, 0.616817, 0.659578, 0.643943, 0.659498, 0.684667, 0.669007, 0.704912, 0.689750, 0.717064, 0.711677, 0.709502, 0.742483, 0.736771, 0.777973, 0.756454, 0.769212, 0.804200, 0.791421, 0.784768, 0.798720, 0.818636, 0.841398, 0.865528, 0.842944, 0.859256, 0.878541, 0.878143, 0.883409, 0.899572, 0.925597, 0.929863, 0.900021, 0.952355, 0.957538, 0.981432, 0.957920, 0.971966, 0.994685, 0.972537, ]
	 CI LB in the last trial: [-0.049325, -0.031405, -0.014668, -0.029609, -0.009237, 0.012856, 0.012916, 0.030736, 0.038603, 0.058430, 0.030692, 0.058478, 0.065142, 0.066258, 0.107294, 0.098530, 0.133569, 0.135879, 0.133789, 0.154282, 0.147252, 0.159402, 0.149099, 0.191161, 0.189518, 0.189522, 0.226267, 0.223914, 0.211582, 0.240896, 0.234239, 0.221963, 0.260539, 0.243266, 0.297417, 0.256951, 0.306285, 0.317365, 0.334882, 0.299400, 0.338213, 0.359253, 0.350866, 0.380667, 0.397771, 0.382558, 0.397455, 0.410814, 0.449538, 0.429572, 0.419531, 0.449962, 0.464001, 0.433198, 0.476344, 0.500625, 0.486515, 0.499148, 0.521930, 0.543373, 0.551303, 0.537329, 0.534354, 0.575798, 0.574693, 0.594657, 0.585588, 0.591635, 0.605756, 0.613913, 0.625065, 0.657859, 0.640040, 0.646377, 0.654266, 0.672727, 0.681051, 0.680813, 0.714358, 0.696910, 0.736369, 0.742358, 0.750525, 0.728037, 0.770894, 0.752286, 0.782079, 0.794294, 0.801659, 0.816866, 0.811772, 0.815731, 0.849428, 0.845549, 0.873912, 0.867796, 0.874710, 0.886994, 0.890146, 0.913058, ]
