----->
	 Cov Rate: 0.9996 	 (0.01999599959991998) 	Avg Len: 396.72421846269765 	 (13.266509807114033) 
	 d: 20 	 n: 10000 	 B: 3 	 eta_0: 0.5 	 alpha: 0.501 	 # Trials: 500
	 True solution:           [0.000000, 0.052632, 0.105263, 0.157895, 0.210526, 0.263158, 0.315789, 0.368421, 0.421053, 0.473684, 0.526316, 0.578947, 0.631579, 0.684211, 0.736842, 0.789474, 0.842105, 0.894737, 0.947368, 1.000000, ]
	 center in last trial:    [-0.000266, 0.107349, 0.064747, 0.155539, 0.212698, 0.272194, 0.328123, 0.348588, 0.455651, 0.448065, 0.493821, 0.597662, 0.632388, 0.646458, 0.708987, 0.807206, 0.787778, 0.898280, 0.912421, 1.040395, ]
	 CI UB in the last trial: [4.859072, 13.943417, 14.933547, 6.666516, 12.274185, 6.291215, 1.259083, 5.214718, 11.080707, 6.607721, 11.442124, 8.149752, 2.502811, 2.797619, 7.414958, 13.601084, 18.234051, 2.392041, 4.938278, 6.962820, ]
	 CI LB in the last trial: [-4.859603, -13.728719, -14.804054, -6.355438, -11.848788, -5.746826, -0.602836, -4.517542, -10.169406, -5.711592, -10.454481, -6.954428, -1.238036, -1.504703, -5.996983, -11.986672, -16.658496, -0.595481, -3.113436, -4.882031, ]
----->
	 Cov Rate: 0.9587 	 (0.19898319024480432) 	Avg Len: 0.09731193504057827 	 (0.000133284937250486) 
	 d: 20 	 n: 10000 	 B: 3 	 eta_0: 0.1 	 alpha: 0.501 	 # Trials: 500
	 True solution:           [0.000000, 0.052632, 0.105263, 0.157895, 0.210526, 0.263158, 0.315789, 0.368421, 0.421053, 0.473684, 0.526316, 0.578947, 0.631579, 0.684211, 0.736842, 0.789474, 0.842105, 0.894737, 0.947368, 1.000000, ]
	 center in last trial:    [0.004737, 0.056643, 0.107791, 0.169180, 0.220646, 0.285567, 0.322010, 0.348347, 0.435812, 0.462943, 0.524432, 0.573832, 0.616140, 0.670693, 0.724289, 0.779682, 0.840559, 0.899141, 0.925665, 0.990541, ]
	 CI UB in the last trial: [0.051231, 0.078690, 0.197520, 0.299319, 0.280242, 0.341330, 0.438278, 0.489974, 0.522433, 0.507088, 0.586730, 0.649749, 0.704271, 0.700023, 0.754388, 0.818246, 0.905362, 0.981523, 1.031640, 1.103144, ]
	 CI LB in the last trial: [-0.041757, 0.034595, 0.018061, 0.039042, 0.161051, 0.229804, 0.205742, 0.206720, 0.349190, 0.418797, 0.462134, 0.497915, 0.528009, 0.641363, 0.694189, 0.741117, 0.775755, 0.816759, 0.819690, 0.877938, ]
----->
	 Cov Rate: 0.9302 	 (0.2548096544481782) 	Avg Len: 0.10713876272415009 	 (0.00012705168449484022) 
	 d: 20 	 n: 10000 	 B: 3 	 eta_0: 0.05 	 alpha: 0.501 	 # Trials: 500
	 True solution:           [0.000000, 0.052632, 0.105263, 0.157895, 0.210526, 0.263158, 0.315789, 0.368421, 0.421053, 0.473684, 0.526316, 0.578947, 0.631579, 0.684211, 0.736842, 0.789474, 0.842105, 0.894737, 0.947368, 1.000000, ]
	 center in last trial:    [0.016107, 0.060145, 0.118571, 0.161464, 0.238920, 0.298110, 0.331114, 0.348672, 0.438684, 0.468213, 0.523814, 0.566283, 0.620273, 0.675568, 0.708541, 0.768839, 0.837750, 0.891603, 0.910163, 0.973848, ]
	 CI UB in the last trial: [0.071615, 0.080799, 0.200146, 0.274060, 0.286530, 0.365785, 0.435551, 0.552085, 0.513171, 0.505120, 0.613541, 0.643688, 0.714346, 0.710536, 0.734311, 0.814588, 0.894311, 0.980326, 0.998549, 1.108300, ]
	 CI LB in the last trial: [-0.039401, 0.039491, 0.036997, 0.048868, 0.191310, 0.230435, 0.226676, 0.145258, 0.364197, 0.431305, 0.434086, 0.488878, 0.526200, 0.640599, 0.682771, 0.723091, 0.781188, 0.802880, 0.821777, 0.839396, ]
----->
	 Cov Rate: 0.4825 	 (0.4996936561534477) 	Avg Len: 0.19901637699098185 	 (0.00022491916224992678) 
	 d: 20 	 n: 10000 	 B: 3 	 eta_0: 0.01 	 alpha: 0.501 	 # Trials: 500
	 True solution:           [0.000000, 0.052632, 0.105263, 0.157895, 0.210526, 0.263158, 0.315789, 0.368421, 0.421053, 0.473684, 0.526316, 0.578947, 0.631579, 0.684211, 0.736842, 0.789474, 0.842105, 0.894737, 0.947368, 1.000000, ]
	 center in last trial:    [0.181000, 0.195420, 0.226597, 0.237036, 0.368387, 0.396846, 0.402869, 0.368457, 0.443441, 0.481216, 0.494849, 0.525957, 0.578290, 0.617034, 0.590829, 0.636500, 0.716716, 0.757961, 0.732382, 0.761114, ]
	 CI UB in the last trial: [0.353703, 0.261446, 0.278309, 0.344776, 0.420215, 0.641131, 0.648538, 0.695910, 0.522021, 0.668907, 0.665449, 0.631063, 0.764327, 0.849272, 0.739762, 0.828384, 0.862842, 0.868153, 0.895297, 0.978427, ]
	 CI LB in the last trial: [0.008297, 0.129394, 0.174885, 0.129297, 0.316559, 0.152560, 0.157200, 0.041004, 0.364861, 0.293524, 0.324248, 0.420850, 0.392252, 0.384796, 0.441897, 0.444616, 0.570591, 0.647769, 0.569466, 0.543802, ]
----->
	 Cov Rate: 0.9999 	 (0.009999499987499378) 	Avg Len: 753.1411619875355 	 (11.89679034926709) 
	 d: 20 	 n: 3333 	 B: 3 	 eta_0: 0.5 	 alpha: 0.501 	 # Trials: 500
	 True solution:           [0.000000, 0.052632, 0.105263, 0.157895, 0.210526, 0.263158, 0.315789, 0.368421, 0.421053, 0.473684, 0.526316, 0.578947, 0.631579, 0.684211, 0.736842, 0.789474, 0.842105, 0.894737, 0.947368, 1.000000, ]
	 center in last trial:    [0.205519, 0.631946, -0.184873, -0.415682, 0.552546, 0.151923, 0.359103, 0.385182, 0.791742, 0.181988, 0.205803, 0.716902, 0.925352, 0.470217, 0.342154, 1.243267, 0.105167, 0.808529, 0.801107, 1.614964, ]
	 CI UB in the last trial: [69.782211, 75.108186, 52.376234, 40.072589, 13.261578, 34.001586, 59.333681, 62.132983, 17.692166, 16.801408, 30.574616, 21.651462, 46.671233, 19.280652, 70.106164, 40.682675, 33.956360, 23.038304, 70.748579, 19.960299, ]
	 CI LB in the last trial: [-69.371173, -73.844293, -52.745981, -40.903952, -12.156485, -33.697740, -58.615475, -61.362619, -16.108683, -16.437431, -30.163011, -20.217658, -44.820530, -18.340218, -69.421857, -38.196140, -33.746027, -21.421247, -69.146365, -16.730370, ]
----->
	 Cov Rate: 0.9672 	 (0.17811277326458091) 	Avg Len: 0.23572346100751657 	 (0.00036551016971400873) 
	 d: 20 	 n: 3333 	 B: 3 	 eta_0: 0.1 	 alpha: 0.501 	 # Trials: 500
	 True solution:           [0.000000, 0.052632, 0.105263, 0.157895, 0.210526, 0.263158, 0.315789, 0.368421, 0.421053, 0.473684, 0.526316, 0.578947, 0.631579, 0.684211, 0.736842, 0.789474, 0.842105, 0.894737, 0.947368, 1.000000, ]
	 center in last trial:    [0.022294, 0.059455, 0.103519, 0.169176, 0.239746, 0.340129, 0.339588, 0.401274, 0.420734, 0.483413, 0.497998, 0.547358, 0.608873, 0.683144, 0.740541, 0.766462, 0.848445, 0.889225, 0.908907, 0.975892, ]
	 CI UB in the last trial: [0.262551, 0.489713, 0.357047, 0.296718, 0.357060, 0.445792, 0.430029, 0.664822, 0.685853, 0.662577, 0.820773, 0.683909, 0.840983, 0.803055, 0.818489, 1.330601, 1.192134, 1.312986, 1.125574, 1.048857, ]
	 CI LB in the last trial: [-0.217963, -0.370804, -0.150009, 0.041634, 0.122432, 0.234465, 0.249147, 0.137725, 0.155615, 0.304249, 0.175222, 0.410808, 0.376763, 0.563233, 0.662593, 0.202322, 0.504755, 0.465464, 0.692239, 0.902927, ]
----->
	 Cov Rate: 0.9205 	 (0.2705175595039997) 	Avg Len: 0.26016246533253473 	 (0.00034539339351072644) 
	 d: 20 	 n: 3333 	 B: 3 	 eta_0: 0.05 	 alpha: 0.501 	 # Trials: 500
	 True solution:           [0.000000, 0.052632, 0.105263, 0.157895, 0.210526, 0.263158, 0.315789, 0.368421, 0.421053, 0.473684, 0.526316, 0.578947, 0.631579, 0.684211, 0.736842, 0.789474, 0.842105, 0.894737, 0.947368, 1.000000, ]
	 center in last trial:    [0.059985, 0.080626, 0.121256, 0.166939, 0.287918, 0.388019, 0.356030, 0.404642, 0.410421, 0.505642, 0.491908, 0.528769, 0.617266, 0.693623, 0.708703, 0.722233, 0.823781, 0.873767, 0.860952, 0.925850, ]
	 CI UB in the last trial: [0.419274, 0.592560, 0.411945, 0.241169, 0.495859, 0.552306, 0.552942, 0.787696, 0.886167, 0.855239, 0.752605, 0.710308, 0.953129, 0.865850, 0.825171, 1.355887, 1.197634, 1.340900, 1.101409, 1.023856, ]
	 CI LB in the last trial: [-0.299303, -0.431308, -0.169432, 0.092708, 0.079977, 0.223733, 0.159119, 0.021589, -0.065325, 0.156046, 0.231211, 0.347230, 0.281403, 0.521395, 0.592234, 0.088580, 0.449928, 0.406633, 0.620495, 0.827844, ]
----->
	 Cov Rate: 0.4671 	 (0.4989164158453798) 	Avg Len: 0.28896666181114394 	 (0.00033058914932541765) 
	 d: 20 	 n: 3333 	 B: 3 	 eta_0: 0.01 	 alpha: 0.501 	 # Trials: 500
	 True solution:           [0.000000, 0.052632, 0.105263, 0.157895, 0.210526, 0.263158, 0.315789, 0.368421, 0.421053, 0.473684, 0.526316, 0.578947, 0.631579, 0.684211, 0.736842, 0.789474, 0.842105, 0.894737, 0.947368, 1.000000, ]
	 center in last trial:    [0.262436, 0.269658, 0.255109, 0.281173, 0.422465, 0.473499, 0.414731, 0.402933, 0.407562, 0.488827, 0.438016, 0.480801, 0.529912, 0.583974, 0.537581, 0.523922, 0.630998, 0.678369, 0.608086, 0.630459, ]
	 CI UB in the last trial: [0.598795, 0.664112, 0.593144, 0.420563, 0.842020, 0.724986, 0.587182, 0.781211, 0.922968, 1.025881, 0.612898, 0.651403, 1.035055, 0.848214, 0.738828, 1.023925, 0.926420, 1.147233, 0.863371, 0.860623, ]
	 CI LB in the last trial: [-0.073923, -0.124795, -0.082926, 0.141782, 0.002909, 0.222011, 0.242279, 0.024655, -0.107844, -0.048227, 0.263135, 0.310200, 0.024768, 0.319734, 0.336333, 0.023918, 0.335575, 0.209505, 0.352801, 0.400295, ]
