----->
	 Cov Rate: 1.0 	 (0.0) 	Avg Len: 476.8471144147827 	 (5.078134597342833) 
	 d: 20 	 n: 10000 	 B: 50 	 eta_0: 0.5 	 alpha: 0.501 	 # Trials: 500
	 True solution:           [0.000000, 0.052632, 0.105263, 0.157895, 0.210526, 0.263158, 0.315789, 0.368421, 0.421053, 0.473684, 0.526316, 0.578947, 0.631579, 0.684211, 0.736842, 0.789474, 0.842105, 0.894737, 0.947368, 1.000000, ]
	 center in last trial:    [-0.034105, 0.049992, 0.134172, 0.121584, 0.273570, 0.266578, 0.277353, 0.318406, 0.436550, 0.529624, 0.470413, 0.612482, 0.578894, 0.728776, 0.758511, 0.728103, 0.816791, 0.979261, 0.894858, 1.034294, ]
	 CI UB in the last trial: [360.896364, 142.804951, 183.976096, 144.384123, 179.514876, 418.364997, 355.372901, 226.197010, 77.373210, 112.311913, 84.371622, 415.226841, 142.888449, 557.946260, 543.472672, 368.065915, 91.469098, 497.943860, 231.104516, 337.192366, ]
	 CI LB in the last trial: [-360.964574, -142.704968, -183.707751, -144.140955, -178.967736, -417.831842, -354.818194, -225.560198, -76.500109, -111.252665, -83.430796, -414.001876, -141.730661, -556.488707, -541.955650, -366.609709, -89.835515, -495.985337, -229.314799, -335.123779, ]
----->
	 Cov Rate: 0.984 	 (0.125475097130865) 	Avg Len: 0.10007736777053078 	 (9.579161156634918e-05) 
	 d: 20 	 n: 10000 	 B: 50 	 eta_0: 0.1 	 alpha: 0.501 	 # Trials: 500
	 True solution:           [0.000000, 0.052632, 0.105263, 0.157895, 0.210526, 0.263158, 0.315789, 0.368421, 0.421053, 0.473684, 0.526316, 0.578947, 0.631579, 0.684211, 0.736842, 0.789474, 0.842105, 0.894737, 0.947368, 1.000000, ]
	 center in last trial:    [0.006463, 0.028404, 0.132508, 0.128299, 0.205522, 0.285659, 0.299103, 0.370342, 0.429203, 0.477150, 0.535581, 0.578873, 0.616728, 0.683216, 0.746883, 0.800203, 0.818137, 0.938701, 0.924735, 1.014020, ]
	 CI UB in the last trial: [0.070401, 0.161306, 0.246564, 0.217309, 0.279243, 0.362634, 0.416508, 0.476503, 0.533091, 0.552466, 0.649132, 0.703483, 0.704156, 0.787560, 0.830658, 0.887757, 0.915776, 1.071124, 1.095907, 1.132208, ]
	 CI LB in the last trial: [-0.057475, -0.104499, 0.018453, 0.039288, 0.131801, 0.208685, 0.181698, 0.264180, 0.325315, 0.401833, 0.422031, 0.454262, 0.529299, 0.578872, 0.663108, 0.712650, 0.720497, 0.806278, 0.753562, 0.895831, ]
----->
	 Cov Rate: 0.9653 	 (0.18301887880762466) 	Avg Len: 0.10982111397845115 	 (8.163973668970957e-05) 
	 d: 20 	 n: 10000 	 B: 50 	 eta_0: 0.05 	 alpha: 0.501 	 # Trials: 500
	 True solution:           [0.000000, 0.052632, 0.105263, 0.157895, 0.210526, 0.263158, 0.315789, 0.368421, 0.421053, 0.473684, 0.526316, 0.578947, 0.631579, 0.684211, 0.736842, 0.789474, 0.842105, 0.894737, 0.947368, 1.000000, ]
	 center in last trial:    [0.001794, 0.028743, 0.136364, 0.123091, 0.210679, 0.288389, 0.289577, 0.364533, 0.438060, 0.480078, 0.532155, 0.576111, 0.617699, 0.676821, 0.739595, 0.817200, 0.803131, 0.947167, 0.913552, 1.007150, ]
	 CI UB in the last trial: [0.071945, 0.133061, 0.249408, 0.217005, 0.295106, 0.365784, 0.393916, 0.470420, 0.551035, 0.563056, 0.680678, 0.736317, 0.724661, 0.788199, 0.831080, 0.930733, 0.902811, 1.114928, 1.135962, 1.135457, ]
	 CI LB in the last trial: [-0.068357, -0.075575, 0.023320, 0.029178, 0.126253, 0.210995, 0.185239, 0.258646, 0.325086, 0.397101, 0.383632, 0.415905, 0.510737, 0.565443, 0.648110, 0.703668, 0.703451, 0.779406, 0.691143, 0.878843, ]
----->
	 Cov Rate: 0.7632 	 (0.425118524649303) 	Avg Len: 0.12590546916640863 	 (7.133061552174807e-05) 
	 d: 20 	 n: 10000 	 B: 50 	 eta_0: 0.01 	 alpha: 0.501 	 # Trials: 500
	 True solution:           [0.000000, 0.052632, 0.105263, 0.157895, 0.210526, 0.263158, 0.315789, 0.368421, 0.421053, 0.473684, 0.526316, 0.578947, 0.631579, 0.684211, 0.736842, 0.789474, 0.842105, 0.894737, 0.947368, 1.000000, ]
	 center in last trial:    [-0.016815, 0.038502, 0.121837, 0.146185, 0.218479, 0.250597, 0.241918, 0.337476, 0.429147, 0.484303, 0.508447, 0.515770, 0.577524, 0.614854, 0.699118, 0.788236, 0.787935, 0.892940, 0.842568, 0.830048, ]
	 CI UB in the last trial: [0.086018, 0.123625, 0.219514, 0.233869, 0.344550, 0.333049, 0.346715, 0.416168, 0.562851, 0.618489, 0.618941, 0.646464, 0.719588, 0.738988, 0.805346, 0.996194, 0.941290, 1.031419, 1.022700, 0.952156, ]
	 CI LB in the last trial: [-0.119647, -0.046621, 0.024159, 0.058501, 0.092408, 0.168144, 0.137121, 0.258784, 0.295443, 0.350118, 0.397952, 0.385076, 0.435461, 0.490720, 0.592891, 0.580278, 0.634579, 0.754461, 0.662436, 0.707939, ]
