----->
	 Cov Rate: 0.8779 	 (0.3274012675601608) 	Avg Len: 4.098441068281316 	 (0.02687626393273935) 
	 d: 20 	 n: 10000 	 R: 3 	 eta_0: 0.5 	 alpha: 0.501 	 # Trials: 500
	 True solution:           [0.000000, 0.052632, 0.105263, 0.157895, 0.210526, 0.263158, 0.315789, 0.368421, 0.421053, 0.473684, 0.526316, 0.578947, 0.631579, 0.684211, 0.736842, 0.789474, 0.842105, 0.894737, 0.947368, 1.000000, ]
	 center in last trial:    [0.091395, 0.306049, -0.013186, -0.096794, 0.386654, 0.193522, 0.331506, 0.369328, 0.569319, 0.352918, 0.386712, 0.630099, 0.756474, 0.557819, 0.544398, 0.998715, 0.497292, 0.861790, 0.880139, 1.298769, ]
	 CI UB in the last trial: [1.114142, 2.407001, 1.241526, 1.035009, 1.464753, 0.946143, 0.912099, 1.062706, 1.336003, 1.005439, 2.186854, 0.906245, 1.310011, 2.028855, 0.878642, 2.713325, 1.092069, 1.788731, 1.136605, 3.070001, ]
	 CI LB in the last trial: [-0.931352, -1.794903, -1.267898, -1.228597, -0.691445, -0.559098, -0.249088, -0.324051, -0.197364, -0.299602, -1.413429, 0.353953, 0.202938, -0.913216, 0.210154, -0.715895, -0.097485, -0.065150, 0.623674, -0.472463, ]
----->
	 Cov Rate: 0.948 	 (0.22202702538204672) 	Avg Len: 0.1039090030038928 	 (0.00011028846876709183) 
	 d: 20 	 n: 10000 	 R: 3 	 eta_0: 0.1 	 alpha: 0.501 	 # Trials: 500
	 True solution:           [0.000000, 0.052632, 0.105263, 0.157895, 0.210526, 0.263158, 0.315789, 0.368421, 0.421053, 0.473684, 0.526316, 0.578947, 0.631579, 0.684211, 0.736842, 0.789474, 0.842105, 0.894737, 0.947368, 1.000000, ]
	 center in last trial:    [-0.005594, 0.058299, 0.099949, 0.170803, 0.223617, 0.276888, 0.324228, 0.370895, 0.416827, 0.487801, 0.525168, 0.567383, 0.617461, 0.646907, 0.734928, 0.782242, 0.840531, 0.896092, 0.936653, 1.002971, ]
	 CI UB in the last trial: [0.046606, 0.232383, 0.138332, 0.274943, 0.469546, 0.393532, 0.524925, 0.477224, 0.512987, 0.560673, 0.609891, 0.719981, 0.804112, 0.742984, 0.822905, 0.895889, 0.989987, 0.992510, 1.010536, 1.038050, ]
	 CI LB in the last trial: [-0.057794, -0.115784, 0.061566, 0.066663, -0.022312, 0.160243, 0.123531, 0.264566, 0.320667, 0.414929, 0.440446, 0.414785, 0.430810, 0.550830, 0.646952, 0.668595, 0.691075, 0.799675, 0.862770, 0.967893, ]
----->
	 Cov Rate: 0.9364 	 (0.24403901327451724) 	Avg Len: 0.1298970419207 	 (0.00013751160167947287) 
	 d: 20 	 n: 10000 	 R: 3 	 eta_0: 0.05 	 alpha: 0.501 	 # Trials: 500
	 True solution:           [0.000000, 0.052632, 0.105263, 0.157895, 0.210526, 0.263158, 0.315789, 0.368421, 0.421053, 0.473684, 0.526316, 0.578947, 0.631579, 0.684211, 0.736842, 0.789474, 0.842105, 0.894737, 0.947368, 1.000000, ]
	 center in last trial:    [0.001206, 0.070156, 0.103102, 0.171190, 0.240947, 0.293477, 0.330947, 0.370015, 0.417108, 0.495209, 0.516328, 0.561205, 0.619860, 0.648323, 0.725314, 0.773566, 0.834556, 0.890225, 0.922185, 0.984779, ]
	 CI UB in the last trial: [0.099599, 0.216870, 0.146382, 0.245073, 0.512751, 0.487552, 0.550745, 0.564063, 0.482613, 0.522591, 0.624836, 0.765503, 0.800945, 0.741940, 0.853894, 0.819284, 1.051578, 1.095023, 1.011442, 1.072082, ]
	 CI LB in the last trial: [-0.097186, -0.076557, 0.059821, 0.097308, -0.030857, 0.099401, 0.111149, 0.175966, 0.351602, 0.467827, 0.407819, 0.356906, 0.438775, 0.554706, 0.596735, 0.727848, 0.617535, 0.685427, 0.832927, 0.897477, ]
----->
	 Cov Rate: 0.6174 	 (0.4860218513606152) 	Avg Len: 0.26891525868852195 	 (0.00028974424520302757) 
	 d: 20 	 n: 10000 	 R: 3 	 eta_0: 0.01 	 alpha: 0.501 	 # Trials: 500
	 True solution:           [0.000000, 0.052632, 0.105263, 0.157895, 0.210526, 0.263158, 0.315789, 0.368421, 0.421053, 0.473684, 0.526316, 0.578947, 0.631579, 0.684211, 0.736842, 0.789474, 0.842105, 0.894737, 0.947368, 1.000000, ]
	 center in last trial:    [0.157139, 0.219283, 0.204340, 0.262926, 0.367716, 0.397921, 0.397638, 0.388206, 0.430038, 0.501160, 0.468650, 0.522577, 0.565590, 0.598173, 0.616718, 0.639745, 0.709827, 0.760221, 0.742794, 0.766894, ]
	 CI UB in the last trial: [0.227667, 0.311088, 0.368368, 0.483401, 0.621229, 0.626821, 0.685910, 0.775381, 0.463652, 0.808249, 0.532035, 0.881329, 0.708214, 0.700773, 0.875788, 0.826429, 0.943535, 1.276426, 1.143658, 0.875168, ]
	 CI LB in the last trial: [0.086612, 0.127478, 0.040311, 0.042450, 0.114202, 0.169020, 0.109366, 0.001031, 0.396423, 0.194072, 0.405264, 0.163826, 0.422965, 0.495572, 0.357647, 0.453062, 0.476120, 0.244017, 0.341929, 0.658620, ]
----->
	 Cov Rate: 0.8781 	 (0.3271702767673127) 	Avg Len: 3.568487030127566 	 (0.022912358867752024) 
	 d: 20 	 n: 10000 	 R: 5 	 eta_0: 0.5 	 alpha: 0.501 	 # Trials: 500
	 True solution:           [0.000000, 0.052632, 0.105263, 0.157895, 0.210526, 0.263158, 0.315789, 0.368421, 0.421053, 0.473684, 0.526316, 0.578947, 0.631579, 0.684211, 0.736842, 0.789474, 0.842105, 0.894737, 0.947368, 1.000000, ]
	 center in last trial:    [0.091395, 0.306049, -0.013186, -0.096794, 0.386654, 0.193522, 0.331506, 0.369328, 0.569319, 0.352918, 0.386712, 0.630099, 0.756474, 0.557819, 0.544398, 0.998715, 0.497292, 0.861790, 0.880139, 1.298769, ]
	 CI UB in the last trial: [2.346355, 13.002010, 2.674651, 7.954741, 3.185372, 3.339257, 1.509704, 2.727342, 5.419993, 2.653892, 5.971683, 3.135774, 11.150828, 3.492717, 8.859993, 2.671154, 1.989255, 7.653742, 10.584726, 2.989541, ]
	 CI LB in the last trial: [-2.163564, -12.389912, -2.701023, -8.148328, -2.412064, -2.952213, -0.846693, -1.988687, -4.281354, -1.948055, -5.198258, -1.875576, -9.637879, -2.377079, -7.771197, -0.673723, -0.994671, -5.930161, -8.824448, -0.392003, ]
----->
	 Cov Rate: 0.9467 	 (0.22463105306257192) 	Avg Len: 0.070985051531225 	 (5.3906570288594474e-05) 
	 d: 20 	 n: 10000 	 R: 5 	 eta_0: 0.1 	 alpha: 0.501 	 # Trials: 500
	 True solution:           [0.000000, 0.052632, 0.105263, 0.157895, 0.210526, 0.263158, 0.315789, 0.368421, 0.421053, 0.473684, 0.526316, 0.578947, 0.631579, 0.684211, 0.736842, 0.789474, 0.842105, 0.894737, 0.947368, 1.000000, ]
	 center in last trial:    [-0.005594, 0.058299, 0.099949, 0.170803, 0.223617, 0.276888, 0.324228, 0.370895, 0.416827, 0.487801, 0.525168, 0.567383, 0.617461, 0.646907, 0.734928, 0.782242, 0.840531, 0.896092, 0.936653, 1.002971, ]
	 CI UB in the last trial: [0.029119, 0.190030, 0.147392, 0.243636, 0.341974, 0.377797, 0.434455, 0.463052, 0.469489, 0.549935, 0.578346, 0.707617, 0.708604, 0.713899, 0.788154, 0.839929, 0.919417, 1.021306, 0.987685, 1.116219, ]
	 CI LB in the last trial: [-0.040306, -0.073431, 0.052505, 0.097969, 0.105260, 0.175979, 0.214002, 0.278738, 0.364166, 0.425667, 0.471991, 0.427148, 0.526318, 0.579915, 0.681703, 0.724554, 0.761645, 0.770879, 0.885621, 0.889724, ]
----->
	 Cov Rate: 0.927 	 (0.2601365026289083) 	Avg Len: 0.08860342644811142 	 (6.665163856063479e-05) 
	 d: 20 	 n: 10000 	 R: 5 	 eta_0: 0.05 	 alpha: 0.501 	 # Trials: 500
	 True solution:           [0.000000, 0.052632, 0.105263, 0.157895, 0.210526, 0.263158, 0.315789, 0.368421, 0.421053, 0.473684, 0.526316, 0.578947, 0.631579, 0.684211, 0.736842, 0.789474, 0.842105, 0.894737, 0.947368, 1.000000, ]
	 center in last trial:    [0.001206, 0.070156, 0.103102, 0.171190, 0.240947, 0.293477, 0.330947, 0.370015, 0.417108, 0.495209, 0.516328, 0.561205, 0.619860, 0.648323, 0.725314, 0.773566, 0.834556, 0.890225, 0.922185, 0.984779, ]
	 CI UB in the last trial: [0.064889, 0.183706, 0.205780, 0.263181, 0.379487, 0.477538, 0.435791, 0.523757, 0.487374, 0.537693, 0.569738, 0.712299, 0.712613, 0.721688, 0.801308, 0.797048, 0.948943, 1.046178, 1.021434, 1.118583, ]
	 CI LB in the last trial: [-0.062476, -0.043394, 0.000423, 0.079199, 0.102407, 0.109415, 0.226103, 0.216272, 0.346842, 0.452725, 0.462917, 0.410111, 0.527107, 0.574958, 0.649321, 0.750084, 0.720169, 0.734271, 0.822935, 0.850975, ]
----->
	 Cov Rate: 0.4583 	 (0.4982580756997321) 	Avg Len: 0.18375876110482153 	 (0.00013941275134865658) 
	 d: 20 	 n: 10000 	 R: 5 	 eta_0: 0.01 	 alpha: 0.501 	 # Trials: 500
	 True solution:           [0.000000, 0.052632, 0.105263, 0.157895, 0.210526, 0.263158, 0.315789, 0.368421, 0.421053, 0.473684, 0.526316, 0.578947, 0.631579, 0.684211, 0.736842, 0.789474, 0.842105, 0.894737, 0.947368, 1.000000, ]
	 center in last trial:    [0.157139, 0.219283, 0.204340, 0.262926, 0.367716, 0.397921, 0.397638, 0.388206, 0.430038, 0.501160, 0.468650, 0.522577, 0.565590, 0.598173, 0.616718, 0.639745, 0.709827, 0.760221, 0.742794, 0.766894, ]
	 CI UB in the last trial: [0.271813, 0.299765, 0.429032, 0.445940, 0.562743, 0.722515, 0.560745, 0.662286, 0.657107, 0.675905, 0.564188, 0.702330, 0.744310, 0.656386, 0.735378, 0.784356, 0.816840, 1.029255, 1.048172, 0.956250, ]
	 CI LB in the last trial: [0.042465, 0.138800, -0.020353, 0.079912, 0.172688, 0.073326, 0.234530, 0.114126, 0.202969, 0.326416, 0.373111, 0.342824, 0.386870, 0.539959, 0.498057, 0.495135, 0.602814, 0.491188, 0.437415, 0.577538, ]
----->
	 Cov Rate: 0.9018 	 (0.2975848786480926) 	Avg Len: 3.725346631512261 	 (0.032587897268083324) 
	 d: 20 	 n: 10000 	 R: 10 	 eta_0: 0.5 	 alpha: 0.501 	 # Trials: 500
	 True solution:           [0.000000, 0.052632, 0.105263, 0.157895, 0.210526, 0.263158, 0.315789, 0.368421, 0.421053, 0.473684, 0.526316, 0.578947, 0.631579, 0.684211, 0.736842, 0.789474, 0.842105, 0.894737, 0.947368, 1.000000, ]
	 center in last trial:    [0.091395, 0.306049, -0.013186, -0.096794, 0.386654, 0.193522, 0.331506, 0.369328, 0.569319, 0.352918, 0.386712, 0.630099, 0.756474, 0.557819, 0.544398, 0.998715, 0.497292, 0.861790, 0.880139, 1.298769, ]
	 CI UB in the last trial: [1.419400, 7.707491, 1.648886, 4.501031, 1.976266, 2.002240, 0.994219, 1.750648, 3.398187, 1.771512, 3.686746, 2.036983, 6.814110, 2.198713, 5.416702, 2.027051, 1.442473, 4.748629, 6.709659, 2.459378, ]
	 CI LB in the last trial: [-1.236609, -7.095393, -1.675258, -4.694619, -1.202958, -1.615195, -0.331207, -1.011993, -2.259548, -1.065675, -2.913321, -0.776785, -5.301161, -1.083074, -4.327907, -0.029621, -0.447888, -3.025048, -4.949381, 0.138160, ]
----->
	 Cov Rate: 0.9467 	 (0.22463105306257192) 	Avg Len: 0.060301742113964656 	 (3.0571883850142024e-05) 
	 d: 20 	 n: 10000 	 R: 10 	 eta_0: 0.1 	 alpha: 0.501 	 # Trials: 500
	 True solution:           [0.000000, 0.052632, 0.105263, 0.157895, 0.210526, 0.263158, 0.315789, 0.368421, 0.421053, 0.473684, 0.526316, 0.578947, 0.631579, 0.684211, 0.736842, 0.789474, 0.842105, 0.894737, 0.947368, 1.000000, ]
	 center in last trial:    [-0.005594, 0.058299, 0.099949, 0.170803, 0.223617, 0.276888, 0.324228, 0.370895, 0.416827, 0.487801, 0.525168, 0.567383, 0.617461, 0.646907, 0.734928, 0.782242, 0.840531, 0.896092, 0.936653, 1.002971, ]
	 CI UB in the last trial: [0.039803, 0.149530, 0.144772, 0.239625, 0.305107, 0.341328, 0.394530, 0.435985, 0.458967, 0.548174, 0.568564, 0.650783, 0.677807, 0.694603, 0.777536, 0.834314, 0.910144, 0.987787, 0.983636, 1.087620, ]
	 CI LB in the last trial: [-0.050991, -0.032932, 0.055126, 0.101981, 0.142127, 0.212447, 0.253926, 0.305806, 0.374688, 0.427428, 0.481773, 0.483983, 0.557115, 0.599211, 0.692320, 0.730170, 0.770917, 0.804398, 0.889670, 0.918322, ]
----->
	 Cov Rate: 0.9192 	 (0.272527723360395) 	Avg Len: 0.07511073694806222 	 (3.784596357372267e-05) 
	 d: 20 	 n: 10000 	 R: 10 	 eta_0: 0.05 	 alpha: 0.501 	 # Trials: 500
	 True solution:           [0.000000, 0.052632, 0.105263, 0.157895, 0.210526, 0.263158, 0.315789, 0.368421, 0.421053, 0.473684, 0.526316, 0.578947, 0.631579, 0.684211, 0.736842, 0.789474, 0.842105, 0.894737, 0.947368, 1.000000, ]
	 center in last trial:    [0.001206, 0.070156, 0.103102, 0.171190, 0.240947, 0.293477, 0.330947, 0.370015, 0.417108, 0.495209, 0.516328, 0.561205, 0.619860, 0.648323, 0.725314, 0.773566, 0.834556, 0.890225, 0.922185, 0.984779, ]
	 CI UB in the last trial: [0.053846, 0.158470, 0.179410, 0.253983, 0.342940, 0.403135, 0.405609, 0.467413, 0.478620, 0.572407, 0.587691, 0.650042, 0.701324, 0.709613, 0.786821, 0.815455, 0.920777, 0.995337, 1.000897, 1.077232, ]
	 CI LB in the last trial: [-0.051434, -0.018158, 0.026793, 0.088398, 0.138954, 0.183818, 0.256285, 0.272617, 0.355595, 0.418011, 0.444964, 0.472368, 0.538396, 0.587033, 0.663808, 0.731676, 0.748336, 0.785113, 0.843472, 0.892326, ]
----->
	 Cov Rate: 0.3909 	 (0.4879520365773668) 	Avg Len: 0.1552338526319943 	 (7.856491066493744e-05) 
	 d: 20 	 n: 10000 	 R: 10 	 eta_0: 0.01 	 alpha: 0.501 	 # Trials: 500
	 True solution:           [0.000000, 0.052632, 0.105263, 0.157895, 0.210526, 0.263158, 0.315789, 0.368421, 0.421053, 0.473684, 0.526316, 0.578947, 0.631579, 0.684211, 0.736842, 0.789474, 0.842105, 0.894737, 0.947368, 1.000000, ]
	 center in last trial:    [0.157139, 0.219283, 0.204340, 0.262926, 0.367716, 0.397921, 0.397638, 0.388206, 0.430038, 0.501160, 0.468650, 0.522577, 0.565590, 0.598173, 0.616718, 0.639745, 0.709827, 0.760221, 0.742794, 0.766894, ]
	 CI UB in the last trial: [0.275314, 0.308471, 0.371164, 0.393977, 0.558740, 0.606343, 0.514759, 0.557035, 0.608300, 0.692527, 0.668572, 0.660219, 0.731723, 0.707689, 0.729912, 0.746832, 0.863863, 0.948697, 0.929654, 0.875305, ]
	 CI LB in the last trial: [0.038964, 0.130094, 0.037515, 0.131874, 0.176691, 0.189498, 0.280517, 0.219377, 0.251775, 0.309793, 0.268728, 0.384936, 0.399457, 0.488656, 0.503523, 0.532658, 0.555791, 0.571746, 0.555933, 0.658483, ]
