----->
	 Cov Rate: 0.963 	 (0.18876175460087244) 	Avg Len: 0.20405607540361648 	 (0.5258741987725837) 
	 d: 20 	 n: 100000 	 R: 2 	 eta_0: 0.5 	 alpha: 0.501 	 # Trials: 100
	 center in last trial:    [-0.005739, 0.050910, 0.102215, 0.162031, 0.212790, 0.265274, 0.320658, 0.373450, 0.415537, 0.474106, 0.524253, 0.576972, 0.626436, 0.675473, 0.733896, 0.794108, 0.847083, 0.895283, 0.955136, 1.000123, ]
	 CI UB in the last trial: [0.029120, 0.052084, 0.119223, 0.260192, 0.275562, 0.306987, 0.488040, 0.384081, 0.464605, 0.492360, 0.581367, 0.709071, 0.711412, 0.708461, 0.913912, 0.927407, 0.888168, 0.990700, 1.077027, 1.101988, ]
	 CI LB in the last trial: [-0.040599, 0.049736, 0.085207, 0.063871, 0.150019, 0.223560, 0.153276, 0.362818, 0.366469, 0.455853, 0.467138, 0.444873, 0.541461, 0.642484, 0.553880, 0.660809, 0.805998, 0.799865, 0.833245, 0.898258, ]
----->
	 Cov Rate: 0.9445 	 (0.22895359791887962) 	Avg Len: 0.0672505899176532 	 (0.05113658223443618) 
	 d: 20 	 n: 100000 	 R: 2 	 eta_0: 0.05 	 alpha: 0.501 	 # Trials: 100
	 center in last trial:    [-0.007108, 0.050271, 0.102931, 0.159516, 0.210283, 0.262679, 0.318371, 0.368925, 0.416688, 0.471791, 0.521457, 0.576354, 0.624877, 0.675978, 0.731857, 0.792535, 0.847605, 0.895306, 0.950007, 0.999608, ]
	 CI UB in the last trial: [0.065841, 0.155272, 0.238308, 0.171312, 0.234490, 0.268331, 0.402218, 0.437270, 0.424360, 0.475547, 0.582365, 0.644653, 0.737057, 0.766397, 0.804174, 0.810038, 0.857100, 1.005157, 1.105679, 1.034960, ]
	 CI LB in the last trial: [-0.080057, -0.054729, -0.032446, 0.147721, 0.186076, 0.257027, 0.234524, 0.300580, 0.409017, 0.468035, 0.460550, 0.508055, 0.512696, 0.585559, 0.659541, 0.775032, 0.838110, 0.785455, 0.794334, 0.964257, ]
----->
	 Cov Rate: 0.449 	 (0.49739219937590495) 	Avg Len: 0.15709711565159062 	 (0.12040377073359398) 
	 d: 20 	 n: 100000 	 R: 2 	 eta_0: 0.005 	 alpha: 0.501 	 # Trials: 100
	 center in last trial:    [-0.004707, 0.038438, 0.094517, 0.136659, 0.181259, 0.225772, 0.261749, 0.311954, 0.351938, 0.392869, 0.425558, 0.470994, 0.524687, 0.558040, 0.606983, 0.655542, 0.714297, 0.747683, 0.795549, 0.835727, ]
	 CI UB in the last trial: [0.057605, 0.296497, 0.356957, 0.147411, 0.279189, 0.330703, 0.566840, 0.456573, 0.372946, 0.521117, 0.470005, 0.559886, 0.642450, 0.793621, 0.987434, 0.854840, 0.731318, 0.785950, 1.086746, 0.878300, ]
	 CI LB in the last trial: [-0.067019, -0.219622, -0.167923, 0.125908, 0.083329, 0.120841, -0.043342, 0.167335, 0.330930, 0.264620, 0.381112, 0.382102, 0.406924, 0.322459, 0.226531, 0.456245, 0.697275, 0.709416, 0.504352, 0.793153, ]
----->
	 Cov Rate: 0.958 	 (0.20058913230780973) 	Avg Len: 0.04849399066006153 	 (0.0740050493311838) 
	 d: 20 	 n: 100000 	 R: 5 	 eta_0: 0.5 	 alpha: 0.501 	 # Trials: 100
	 center in last trial:    [-0.005739, 0.050910, 0.102215, 0.162031, 0.212790, 0.265274, 0.320658, 0.373450, 0.415537, 0.474106, 0.524253, 0.576972, 0.626436, 0.675473, 0.733896, 0.794108, 0.847083, 0.895283, 0.955136, 1.000123, ]
	 CI UB in the last trial: [0.020832, 0.067492, 0.119496, 0.192099, 0.223497, 0.301371, 0.353356, 0.395428, 0.439013, 0.487898, 0.551186, 0.594360, 0.651635, 0.698182, 0.757431, 0.823035, 0.855499, 0.906547, 0.978100, 1.019317, ]
	 CI LB in the last trial: [-0.032311, 0.034328, 0.084934, 0.131963, 0.202083, 0.229177, 0.287960, 0.351471, 0.392061, 0.460314, 0.497319, 0.559584, 0.601238, 0.652764, 0.710360, 0.765181, 0.838668, 0.884018, 0.932172, 0.980929, ]
----->
	 Cov Rate: 0.9385 	 (0.24024518725668575) 	Avg Len: 0.01752051615366771 	 (0.006288382150123184) 
	 d: 20 	 n: 100000 	 R: 5 	 eta_0: 0.05 	 alpha: 0.501 	 # Trials: 100
	 center in last trial:    [-0.007108, 0.050271, 0.102931, 0.159516, 0.210283, 0.262679, 0.318371, 0.368925, 0.416688, 0.471791, 0.521457, 0.576354, 0.624877, 0.675978, 0.731857, 0.792535, 0.847605, 0.895306, 0.950007, 0.999608, ]
	 CI UB in the last trial: [0.011173, 0.062754, 0.125545, 0.182588, 0.219535, 0.273704, 0.338566, 0.389356, 0.429832, 0.488290, 0.531546, 0.587001, 0.654009, 0.695962, 0.743831, 0.816366, 0.863460, 0.915808, 0.975731, 1.024144, ]
	 CI LB in the last trial: [-0.025388, 0.037789, 0.080316, 0.136444, 0.201031, 0.251655, 0.298176, 0.348495, 0.403545, 0.455292, 0.511368, 0.565707, 0.595744, 0.655994, 0.719884, 0.768703, 0.831749, 0.874805, 0.924283, 0.975073, ]
----->
	 Cov Rate: 0.1435 	 (0.35058201608182926) 	Avg Len: 0.041231212742486915 	 (0.01496977013336299) 
	 d: 20 	 n: 100000 	 R: 5 	 eta_0: 0.005 	 alpha: 0.501 	 # Trials: 100
	 center in last trial:    [-0.004707, 0.038438, 0.094517, 0.136659, 0.181259, 0.225772, 0.261749, 0.311954, 0.351938, 0.392869, 0.425558, 0.470994, 0.524687, 0.558040, 0.606983, 0.655542, 0.714297, 0.747683, 0.795549, 0.835727, ]
	 CI UB in the last trial: [0.048291, 0.083743, 0.150450, 0.172547, 0.243485, 0.257045, 0.297948, 0.368723, 0.394434, 0.409319, 0.454610, 0.495012, 0.575742, 0.608958, 0.655495, 0.691488, 0.747473, 0.772136, 0.839556, 0.877186, ]
	 CI LB in the last trial: [-0.057706, -0.006867, 0.038583, 0.100771, 0.119034, 0.194499, 0.225549, 0.255185, 0.309442, 0.376418, 0.396507, 0.446976, 0.473632, 0.507123, 0.558470, 0.619596, 0.681120, 0.723230, 0.751542, 0.794267, ]
----->
	 Cov Rate: 0.975 	 (0.15612494995995996) 	Avg Len: 0.03912998217372662 	 (0.030940822594951477) 
	 d: 20 	 n: 100000 	 R: 20 	 eta_0: 0.5 	 alpha: 0.501 	 # Trials: 100
	 center in last trial:    [-0.005739, 0.050910, 0.102215, 0.162031, 0.212790, 0.265274, 0.320658, 0.373450, 0.415537, 0.474106, 0.524253, 0.576972, 0.626436, 0.675473, 0.733896, 0.794108, 0.847083, 0.895283, 0.955136, 1.000123, ]
	 CI UB in the last trial: [0.020599, 0.088093, 0.136482, 0.223004, 0.253273, 0.291852, 0.370807, 0.402939, 0.438676, 0.498432, 0.548395, 0.605897, 0.649107, 0.710707, 0.823987, 0.820510, 0.887905, 0.916087, 0.978259, 1.031208, ]
	 CI LB in the last trial: [-0.032077, 0.013728, 0.067948, 0.101058, 0.172307, 0.238695, 0.270509, 0.343960, 0.392398, 0.449781, 0.500110, 0.548046, 0.603766, 0.640239, 0.643805, 0.767706, 0.806262, 0.874478, 0.932013, 0.969037, ]
----->
	 Cov Rate: 0.939 	 (0.23933031567271204) 	Avg Len: 0.013720958453164173 	 (0.0022458744942854734) 
	 d: 20 	 n: 100000 	 R: 20 	 eta_0: 0.05 	 alpha: 0.501 	 # Trials: 100
	 center in last trial:    [-0.007108, 0.050271, 0.102931, 0.159516, 0.210283, 0.262679, 0.318371, 0.368925, 0.416688, 0.471791, 0.521457, 0.576354, 0.624877, 0.675978, 0.731857, 0.792535, 0.847605, 0.895306, 0.950007, 0.999608, ]
	 CI UB in the last trial: [0.004493, 0.066600, 0.118237, 0.176450, 0.219690, 0.274333, 0.330456, 0.385785, 0.430168, 0.489099, 0.537091, 0.590361, 0.641014, 0.690356, 0.742901, 0.809616, 0.858378, 0.907528, 0.963589, 1.015654, ]
	 CI LB in the last trial: [-0.018709, 0.033943, 0.087624, 0.142582, 0.200876, 0.251026, 0.306286, 0.352066, 0.403209, 0.454483, 0.505823, 0.562347, 0.608739, 0.661600, 0.720814, 0.775454, 0.836832, 0.883084, 0.936424, 0.983563, ]
----->
	 Cov Rate: 0.114 	 (0.317811264746862) 	Avg Len: 0.03267583705927819 	 (0.005568568706193498) 
	 d: 20 	 n: 100000 	 R: 20 	 eta_0: 0.005 	 alpha: 0.501 	 # Trials: 100
	 center in last trial:    [-0.004707, 0.038438, 0.094517, 0.136659, 0.181259, 0.225772, 0.261749, 0.311954, 0.351938, 0.392869, 0.425558, 0.470994, 0.524687, 0.558040, 0.606983, 0.655542, 0.714297, 0.747683, 0.795549, 0.835727, ]
	 CI UB in the last trial: [0.027870, 0.079943, 0.126788, 0.164278, 0.219967, 0.258384, 0.296536, 0.348353, 0.383123, 0.412690, 0.446990, 0.501392, 0.555594, 0.594272, 0.641590, 0.681647, 0.740372, 0.776380, 0.832989, 0.868280, ]
	 CI LB in the last trial: [-0.037285, -0.003068, 0.062246, 0.109041, 0.142552, 0.193160, 0.226961, 0.275555, 0.320754, 0.373047, 0.404127, 0.440596, 0.493780, 0.521809, 0.572376, 0.629437, 0.688222, 0.718987, 0.758109, 0.803173, ]
----->
	 Cov Rate: 0.9785 	 (0.1450439588538592) 	Avg Len: 0.0377862625975249 	 (0.02069094024723778) 
	 d: 20 	 n: 100000 	 R: 50 	 eta_0: 0.5 	 alpha: 0.501 	 # Trials: 100
	 center in last trial:    [-0.005739, 0.050910, 0.102215, 0.162031, 0.212790, 0.265274, 0.320658, 0.373450, 0.415537, 0.474106, 0.524253, 0.576972, 0.626436, 0.675473, 0.733896, 0.794108, 0.847083, 0.895283, 0.955136, 1.000123, ]
	 CI UB in the last trial: [0.090967, 0.150488, 0.230305, 0.244671, 0.360853, 0.337737, 0.437787, 0.423495, 0.469807, 0.525296, 0.558916, 0.616494, 0.676658, 0.745691, 0.900080, 0.914397, 0.937297, 0.946529, 0.995443, 1.072766, ]
	 CI LB in the last trial: [-0.102446, -0.048668, -0.025875, 0.079392, 0.064727, 0.192811, 0.203529, 0.323404, 0.361267, 0.422916, 0.489589, 0.537450, 0.576215, 0.605254, 0.567712, 0.673819, 0.756870, 0.844036, 0.914829, 0.927479, ]
----->
	 Cov Rate: 0.9375 	 (0.24206145913796356) 	Avg Len: 0.013256926604904186 	 (0.0013314334395609622) 
	 d: 20 	 n: 100000 	 R: 50 	 eta_0: 0.05 	 alpha: 0.501 	 # Trials: 100
	 center in last trial:    [-0.007108, 0.050271, 0.102931, 0.159516, 0.210283, 0.262679, 0.318371, 0.368925, 0.416688, 0.471791, 0.521457, 0.576354, 0.624877, 0.675978, 0.731857, 0.792535, 0.847605, 0.895306, 0.950007, 0.999608, ]
	 CI UB in the last trial: [0.006420, 0.063223, 0.116378, 0.173467, 0.223521, 0.275047, 0.330718, 0.383379, 0.431393, 0.486765, 0.535001, 0.590274, 0.640134, 0.688394, 0.744632, 0.807253, 0.859362, 0.906213, 0.963214, 1.014315, ]
	 CI LB in the last trial: [-0.020636, 0.037319, 0.089484, 0.145566, 0.197045, 0.250311, 0.306024, 0.354472, 0.401984, 0.456816, 0.507913, 0.562434, 0.609619, 0.663562, 0.719082, 0.777817, 0.835848, 0.884399, 0.936799, 0.984902, ]
----->
	 Cov Rate: 0.112 	 (0.3153664535108324) 	Avg Len: 0.031718613276510266 	 (0.0033854219255193448) 
	 d: 20 	 n: 100000 	 R: 50 	 eta_0: 0.005 	 alpha: 0.501 	 # Trials: 100
	 center in last trial:    [-0.004707, 0.038438, 0.094517, 0.136659, 0.181259, 0.225772, 0.261749, 0.311954, 0.351938, 0.392869, 0.425558, 0.470994, 0.524687, 0.558040, 0.606983, 0.655542, 0.714297, 0.747683, 0.795549, 0.835727, ]
	 CI UB in the last trial: [0.024239, 0.074393, 0.123033, 0.165359, 0.218198, 0.255032, 0.291784, 0.350279, 0.383383, 0.425112, 0.447338, 0.505131, 0.558276, 0.590278, 0.640332, 0.682767, 0.745504, 0.775870, 0.834689, 0.867498, ]
	 CI LB in the last trial: [-0.033654, 0.002482, 0.066001, 0.107959, 0.144321, 0.196511, 0.231714, 0.273629, 0.320493, 0.360625, 0.403779, 0.436857, 0.491098, 0.525802, 0.573633, 0.628317, 0.683089, 0.719496, 0.756409, 0.803955, ]
