----->
	 Cov Rate: 1.0 	 (0.0) 	Avg Len: 29.90343089620737 	 (0.11476969603355724) 
	 d: 20 	 n: 1000 	 B: 10 	 eta_0: 0.5 	 alpha: 0.501 	 # Trials: 500
	 True solution:           [0.000000, 0.052632, 0.105263, 0.157895, 0.210526, 0.263158, 0.315789, 0.368421, 0.421053, 0.473684, 0.526316, 0.578947, 0.631579, 0.684211, 0.736842, 0.789474, 0.842105, 0.894737, 0.947368, 1.000000, ]
	 center in last trial:    [0.542359, -0.155084, 0.203598, -1.315694, -5.245394, -1.589419, 4.693751, 1.317654, 0.319504, -4.186437, 4.254086, 1.864713, 3.234315, 1.244095, 1.659119, -0.429950, -1.654229, 3.194778, -2.884248, 2.110273, ]
	 CI UB in the last trial: [7.543896, 7.423517, 7.137407, 13.327255, 85.514780, 18.416022, 66.400494, 18.578570, 5.819464, 55.913883, 57.563997, 19.593902, 44.188680, 16.557522, 15.975416, 18.851523, 45.845739, 31.262135, 44.451248, 15.475737, ]
	 CI LB in the last trial: [-6.459177, -7.733686, -6.730210, -15.958643, -96.005567, -21.594859, -57.012991, -15.943263, -5.180456, -64.286757, -49.055825, -15.864476, -37.720050, -14.069332, -12.657179, -19.711423, -49.154197, -24.872579, -50.219743, -11.255190, ]
----->
	 Cov Rate: 0.9996 	 (0.019995999599919982) 	Avg Len: 0.34740070944726786 	 (0.0002119642921875754) 
	 d: 20 	 n: 1000 	 B: 10 	 eta_0: 0.1 	 alpha: 0.501 	 # Trials: 500
	 True solution:           [0.000000, 0.052632, 0.105263, 0.157895, 0.210526, 0.263158, 0.315789, 0.368421, 0.421053, 0.473684, 0.526316, 0.578947, 0.631579, 0.684211, 0.736842, 0.789474, 0.842105, 0.894737, 0.947368, 1.000000, ]
	 center in last trial:    [0.022002, 0.086459, 0.135940, 0.184411, 0.270574, 0.274067, 0.367544, 0.362195, 0.410182, 0.490012, 0.501568, 0.560894, 0.621044, 0.623455, 0.716833, 0.781034, 0.822462, 0.866220, 0.900058, 0.962550, ]
	 CI UB in the last trial: [0.386875, 0.393332, 0.370141, 0.580270, 0.641240, 0.609051, 0.660322, 0.665031, 0.708209, 0.821948, 0.913752, 0.760968, 0.846823, 0.953913, 1.001763, 1.189443, 0.990673, 1.206838, 1.206010, 1.146452, ]
	 CI LB in the last trial: [-0.342870, -0.220414, -0.098261, -0.211448, -0.100093, -0.060918, 0.074766, 0.059359, 0.112155, 0.158076, 0.089384, 0.360819, 0.395265, 0.292998, 0.431902, 0.372625, 0.654251, 0.525601, 0.594107, 0.778648, ]
----->
	 Cov Rate: 0.9831 	 (0.12889681920047524) 	Avg Len: 0.4092342281883886 	 (0.0002163040994236529) 
	 d: 20 	 n: 1000 	 B: 10 	 eta_0: 0.05 	 alpha: 0.501 	 # Trials: 500
	 True solution:           [0.000000, 0.052632, 0.105263, 0.157895, 0.210526, 0.263158, 0.315789, 0.368421, 0.421053, 0.473684, 0.526316, 0.578947, 0.631579, 0.684211, 0.736842, 0.789474, 0.842105, 0.894737, 0.947368, 1.000000, ]
	 center in last trial:    [0.086842, 0.161478, 0.168375, 0.223933, 0.328390, 0.325935, 0.390466, 0.366813, 0.416456, 0.492945, 0.488306, 0.540391, 0.605874, 0.597500, 0.666769, 0.719065, 0.762874, 0.802954, 0.823390, 0.874375, ]
	 CI UB in the last trial: [0.561388, 0.584500, 0.506487, 0.642938, 0.761303, 0.603252, 0.627513, 0.738350, 0.689680, 0.863690, 0.875222, 0.803484, 0.912956, 1.046222, 1.054250, 1.120819, 1.056460, 1.197075, 1.223347, 1.176912, ]
	 CI LB in the last trial: [-0.387704, -0.261544, -0.169737, -0.195071, -0.104523, 0.048617, 0.153419, -0.004724, 0.143232, 0.122201, 0.101390, 0.277298, 0.298793, 0.148779, 0.279287, 0.317311, 0.469288, 0.408833, 0.423434, 0.571838, ]
----->
	 Cov Rate: 0.3825 	 (0.48599768517967235) 	Avg Len: 0.29232119686007807 	 (0.00014555008857498024) 
	 d: 20 	 n: 1000 	 B: 10 	 eta_0: 0.01 	 alpha: 0.501 	 # Trials: 500
	 True solution:           [0.000000, 0.052632, 0.105263, 0.157895, 0.210526, 0.263158, 0.315789, 0.368421, 0.421053, 0.473684, 0.526316, 0.578947, 0.631579, 0.684211, 0.736842, 0.789474, 0.842105, 0.894737, 0.947368, 1.000000, ]
	 center in last trial:    [0.249951, 0.298659, 0.262191, 0.310658, 0.359937, 0.357038, 0.361178, 0.350265, 0.376947, 0.405376, 0.399482, 0.409710, 0.444219, 0.444831, 0.450957, 0.475402, 0.498834, 0.519457, 0.519256, 0.521166, ]
	 CI UB in the last trial: [0.572839, 0.598726, 0.627979, 0.532667, 0.633958, 0.617691, 0.478909, 0.589267, 0.609307, 0.700350, 0.590609, 0.698363, 0.701102, 0.796502, 0.726701, 0.623791, 0.896675, 0.779772, 0.817456, 0.811835, ]
	 CI LB in the last trial: [-0.072938, -0.001408, -0.103598, 0.088649, 0.085916, 0.096385, 0.243448, 0.111262, 0.144587, 0.110401, 0.208355, 0.121056, 0.187336, 0.093159, 0.175212, 0.327014, 0.100994, 0.259142, 0.221056, 0.230498, ]
----->
	 Cov Rate: 1.0 	 (0.0) 	Avg Len: 3.0054392686985905 	 (0.012273824773461854) 
	 d: 20 	 n: 10000 	 B: 10 	 eta_0: 0.5 	 alpha: 0.501 	 # Trials: 500
	 True solution:           [0.000000, 0.052632, 0.105263, 0.157895, 0.210526, 0.263158, 0.315789, 0.368421, 0.421053, 0.473684, 0.526316, 0.578947, 0.631579, 0.684211, 0.736842, 0.789474, 0.842105, 0.894737, 0.947368, 1.000000, ]
	 center in last trial:    [0.109109, 0.003894, 0.064791, -0.090323, -0.211712, 0.016629, 0.748125, 0.527948, 0.416134, -0.048965, 0.953918, 0.689465, 0.858169, 0.749938, 0.825687, 0.674360, 0.567650, 1.156271, 0.543171, 1.124348, ]
	 CI UB in the last trial: [1.257234, 0.929121, 1.455942, 2.476650, 9.471907, 2.200091, 6.974668, 2.647735, 1.027621, 5.974573, 6.364183, 2.532049, 5.072457, 2.275183, 2.303353, 2.677022, 5.315795, 4.107003, 5.290987, 2.428389, ]
	 CI LB in the last trial: [-1.039017, -0.921332, -1.326360, -2.657295, -9.895330, -2.166834, -5.478418, -1.591839, -0.195353, -6.072502, -4.456346, -1.153120, -3.356120, -0.775307, -0.651979, -1.328302, -4.180495, -1.794460, -4.204645, -0.179692, ]
----->
	 Cov Rate: 0.9997 	 (0.017317909804592472) 	Avg Len: 0.06000684891895122 	 (3.0191420922438536e-05) 
	 d: 20 	 n: 10000 	 B: 10 	 eta_0: 0.1 	 alpha: 0.501 	 # Trials: 500
	 True solution:           [0.000000, 0.052632, 0.105263, 0.157895, 0.210526, 0.263158, 0.315789, 0.368421, 0.421053, 0.473684, 0.526316, 0.578947, 0.631579, 0.684211, 0.736842, 0.789474, 0.842105, 0.894737, 0.947368, 1.000000, ]
	 center in last trial:    [0.001261, 0.055092, 0.113663, 0.157516, 0.217110, 0.258522, 0.321552, 0.370094, 0.423160, 0.467156, 0.521132, 0.579998, 0.630234, 0.683144, 0.731866, 0.786079, 0.842153, 0.890155, 0.939904, 0.999758, ]
	 CI UB in the last trial: [0.091230, 0.129835, 0.186979, 0.235981, 0.278656, 0.326225, 0.386353, 0.446536, 0.486783, 0.545338, 0.579806, 0.641056, 0.718084, 0.724333, 0.798868, 0.843375, 0.911889, 0.949170, 1.016153, 1.050254, ]
	 CI LB in the last trial: [-0.088707, -0.019651, 0.040346, 0.079052, 0.155564, 0.190820, 0.256750, 0.293652, 0.359538, 0.388973, 0.462458, 0.518941, 0.542384, 0.641956, 0.664865, 0.728783, 0.772418, 0.831141, 0.863654, 0.949262, ]
----->
	 Cov Rate: 0.9955 	 (0.06693093455196933) 	Avg Len: 0.07466737414590804 	 (3.745081680937818e-05) 
	 d: 20 	 n: 10000 	 B: 10 	 eta_0: 0.05 	 alpha: 0.501 	 # Trials: 500
	 True solution:           [0.000000, 0.052632, 0.105263, 0.157895, 0.210526, 0.263158, 0.315789, 0.368421, 0.421053, 0.473684, 0.526316, 0.578947, 0.631579, 0.684211, 0.736842, 0.789474, 0.842105, 0.894737, 0.947368, 1.000000, ]
	 center in last trial:    [0.012461, 0.066702, 0.118143, 0.164623, 0.228148, 0.267778, 0.327566, 0.371177, 0.422077, 0.468641, 0.519370, 0.577579, 0.627408, 0.678735, 0.722198, 0.776580, 0.833659, 0.879759, 0.927519, 0.986768, ]
	 CI UB in the last trial: [0.120751, 0.170542, 0.196921, 0.253759, 0.291294, 0.337473, 0.400417, 0.472046, 0.497412, 0.556957, 0.588356, 0.652102, 0.722999, 0.732468, 0.800936, 0.854266, 0.916818, 0.943674, 1.010592, 1.065397, ]
	 CI LB in the last trial: [-0.095830, -0.037137, 0.039365, 0.075488, 0.165003, 0.198082, 0.254715, 0.270308, 0.346743, 0.380326, 0.450383, 0.503055, 0.531817, 0.625001, 0.643459, 0.698894, 0.750500, 0.815844, 0.844447, 0.908139, ]
----->
	 Cov Rate: 0.3933 	 (0.488482456184457) 	Avg Len: 0.15578593147216024 	 (7.692543598589847e-05) 
	 d: 20 	 n: 10000 	 B: 10 	 eta_0: 0.01 	 alpha: 0.501 	 # Trials: 500
	 True solution:           [0.000000, 0.052632, 0.105263, 0.157895, 0.210526, 0.263158, 0.315789, 0.368421, 0.421053, 0.473684, 0.526316, 0.578947, 0.631579, 0.684211, 0.736842, 0.789474, 0.842105, 0.894737, 0.947368, 1.000000, ]
	 center in last trial:    [0.176043, 0.220072, 0.222971, 0.273878, 0.327308, 0.352379, 0.377952, 0.401888, 0.432445, 0.473177, 0.500850, 0.533725, 0.573366, 0.605195, 0.616223, 0.659639, 0.704580, 0.735775, 0.761282, 0.791337, ]
	 CI UB in the last trial: [0.342352, 0.420575, 0.376873, 0.395915, 0.452023, 0.507198, 0.485646, 0.566627, 0.576877, 0.670624, 0.598939, 0.719854, 0.663470, 0.752676, 0.763166, 0.757035, 0.910570, 0.863807, 0.898086, 0.980586, ]
	 CI LB in the last trial: [0.009735, 0.019569, 0.069069, 0.151840, 0.202592, 0.197560, 0.270258, 0.237150, 0.288012, 0.275730, 0.402761, 0.347595, 0.483263, 0.457714, 0.469279, 0.562244, 0.498591, 0.607743, 0.624478, 0.602087, ]
