----->
	 Cov Rate: 0.5167 	 (0.49972103217695363) 	Avg Len: 0.004985342971600616 	 (5.272741789710157e-06) 
	 d: 20 	 n: 100000 	 R: 3 	 eta_0: 0.1 	 alpha: 0.501 	 # Trials: 500
	 True solution:           [0.000000, 0.052632, 0.105263, 0.157895, 0.210526, 0.263158, 0.315789, 0.368421, 0.421053, 0.473684, 0.526316, 0.578947, 0.631579, 0.684211, 0.736842, 0.789474, 0.842105, 0.894737, 0.947368, 1.000000, ]
	 center in last trial:    [0.004727, 0.052054, 0.111195, 0.156241, 0.211986, 0.265289, 0.311815, 0.372738, 0.418611, 0.471774, 0.523036, 0.577518, 0.629342, 0.681245, 0.737735, 0.787371, 0.846208, 0.891432, 0.944738, 1.000094, ]
	 CI UB in the last trial: [0.010218, 0.056861, 0.116130, 0.161997, 0.215907, 0.268494, 0.316482, 0.381115, 0.428245, 0.478404, 0.524220, 0.588985, 0.634159, 0.682997, 0.745286, 0.792622, 0.849109, 0.893000, 0.953060, 1.001098, ]
	 CI LB in the last trial: [-0.000764, 0.047246, 0.106260, 0.150485, 0.208065, 0.262084, 0.307148, 0.364361, 0.408977, 0.465144, 0.521853, 0.566050, 0.624525, 0.679492, 0.730185, 0.782121, 0.843307, 0.889864, 0.936416, 0.999091, ]
----->
	 Cov Rate: 0.3274 	 (0.46926457356165296) 	Avg Len: 0.032935482878189926 	 (3.4962237159136474e-05) 
	 d: 20 	 n: 100000 	 R: 3 	 eta_0: 0.01 	 alpha: 0.501 	 # Trials: 500
	 True solution:           [0.000000, 0.052632, 0.105263, 0.157895, 0.210526, 0.263158, 0.315789, 0.368421, 0.421053, 0.473684, 0.526316, 0.578947, 0.631579, 0.684211, 0.736842, 0.789474, 0.842105, 0.894737, 0.947368, 1.000000, ]
	 center in last trial:    [-0.000105, 0.057164, 0.107354, 0.153602, 0.207631, 0.258419, 0.296926, 0.354711, 0.402223, 0.450282, 0.496089, 0.545645, 0.601272, 0.650585, 0.706315, 0.751661, 0.807191, 0.848770, 0.899336, 0.945709, ]
	 CI UB in the last trial: [0.032060, 0.064930, 0.124445, 0.195578, 0.241895, 0.282402, 0.311639, 0.384962, 0.465682, 0.518853, 0.502130, 0.570418, 0.653589, 0.665827, 0.760931, 0.781445, 0.831185, 0.899710, 0.922875, 0.955514, ]
	 CI LB in the last trial: [-0.032270, 0.049399, 0.090262, 0.111625, 0.173368, 0.234437, 0.282214, 0.324461, 0.338763, 0.381711, 0.490047, 0.520872, 0.548955, 0.635344, 0.651699, 0.721877, 0.783197, 0.797830, 0.875798, 0.935903, ]
----->
	 Cov Rate: 0.3913 	 (0.4880412994819188) 	Avg Len: 0.003428780550975462 	 (2.545693579717495e-06) 
	 d: 20 	 n: 100000 	 R: 5 	 eta_0: 0.1 	 alpha: 0.501 	 # Trials: 500
	 True solution:           [0.000000, 0.052632, 0.105263, 0.157895, 0.210526, 0.263158, 0.315789, 0.368421, 0.421053, 0.473684, 0.526316, 0.578947, 0.631579, 0.684211, 0.736842, 0.789474, 0.842105, 0.894737, 0.947368, 1.000000, ]
	 center in last trial:    [0.004727, 0.052054, 0.111195, 0.156241, 0.211986, 0.265289, 0.311815, 0.372738, 0.418611, 0.471774, 0.523036, 0.577518, 0.629342, 0.681245, 0.737735, 0.787371, 0.846208, 0.891432, 0.944738, 1.000094, ]
	 CI UB in the last trial: [0.007809, 0.054700, 0.113622, 0.158943, 0.214652, 0.267727, 0.314392, 0.377950, 0.423178, 0.474833, 0.526555, 0.582932, 0.633473, 0.683650, 0.742324, 0.789800, 0.847610, 0.893575, 0.949091, 1.002046, ]
	 CI LB in the last trial: [0.001645, 0.049407, 0.108769, 0.153539, 0.209320, 0.262850, 0.309238, 0.367526, 0.414044, 0.468715, 0.519518, 0.572103, 0.625211, 0.678839, 0.733147, 0.784943, 0.844806, 0.889289, 0.940384, 0.998142, ]
----->
	 Cov Rate: 0.2309 	 (0.42140857846038204) 	Avg Len: 0.022626285540816887 	 (1.6771023188893493e-05) 
	 d: 20 	 n: 100000 	 R: 5 	 eta_0: 0.01 	 alpha: 0.501 	 # Trials: 500
	 True solution:           [0.000000, 0.052632, 0.105263, 0.157895, 0.210526, 0.263158, 0.315789, 0.368421, 0.421053, 0.473684, 0.526316, 0.578947, 0.631579, 0.684211, 0.736842, 0.789474, 0.842105, 0.894737, 0.947368, 1.000000, ]
	 center in last trial:    [-0.000105, 0.057164, 0.107354, 0.153602, 0.207631, 0.258419, 0.296926, 0.354711, 0.402223, 0.450282, 0.496089, 0.545645, 0.601272, 0.650585, 0.706315, 0.751661, 0.807191, 0.848770, 0.899336, 0.945709, ]
	 CI UB in the last trial: [0.018041, 0.070695, 0.123908, 0.175064, 0.232371, 0.274468, 0.307805, 0.382320, 0.431426, 0.481952, 0.519445, 0.563472, 0.627313, 0.673499, 0.743729, 0.766871, 0.819339, 0.877136, 0.910848, 0.971914, ]
	 CI LB in the last trial: [-0.018251, 0.043633, 0.090800, 0.132140, 0.182891, 0.242371, 0.286047, 0.327103, 0.373019, 0.418611, 0.472732, 0.527818, 0.575230, 0.627671, 0.668900, 0.736450, 0.795043, 0.820404, 0.887824, 0.919503, ]
----->
	 Cov Rate: 0.3522 	 (0.47765590125109936) 	Avg Len: 0.002998573495280494 	 (1.6616353265066535e-06) 
	 d: 20 	 n: 100000 	 R: 8 	 eta_0: 0.1 	 alpha: 0.501 	 # Trials: 500
	 True solution:           [0.000000, 0.052632, 0.105263, 0.157895, 0.210526, 0.263158, 0.315789, 0.368421, 0.421053, 0.473684, 0.526316, 0.578947, 0.631579, 0.684211, 0.736842, 0.789474, 0.842105, 0.894737, 0.947368, 1.000000, ]
	 center in last trial:    [0.004727, 0.052054, 0.111195, 0.156241, 0.211986, 0.265289, 0.311815, 0.372738, 0.418611, 0.471774, 0.523036, 0.577518, 0.629342, 0.681245, 0.737735, 0.787371, 0.846208, 0.891432, 0.944738, 1.000094, ]
	 CI UB in the last trial: [0.006976, 0.055938, 0.113033, 0.158501, 0.214458, 0.267222, 0.314696, 0.376544, 0.422886, 0.474274, 0.526430, 0.581181, 0.633658, 0.683210, 0.742161, 0.789658, 0.848158, 0.893543, 0.948053, 1.003070, ]
	 CI LB in the last trial: [0.002478, 0.048169, 0.109358, 0.153981, 0.209513, 0.263356, 0.308933, 0.368932, 0.414336, 0.469274, 0.519643, 0.573855, 0.625026, 0.679280, 0.733310, 0.785085, 0.844258, 0.889321, 0.941422, 0.997119, ]
----->
	 Cov Rate: 0.2034 	 (0.4025275642735538) 	Avg Len: 0.019747961535590934 	 (1.0981936085159355e-05) 
	 d: 20 	 n: 100000 	 R: 8 	 eta_0: 0.01 	 alpha: 0.501 	 # Trials: 500
	 True solution:           [0.000000, 0.052632, 0.105263, 0.157895, 0.210526, 0.263158, 0.315789, 0.368421, 0.421053, 0.473684, 0.526316, 0.578947, 0.631579, 0.684211, 0.736842, 0.789474, 0.842105, 0.894737, 0.947368, 1.000000, ]
	 center in last trial:    [-0.000105, 0.057164, 0.107354, 0.153602, 0.207631, 0.258419, 0.296926, 0.354711, 0.402223, 0.450282, 0.496089, 0.545645, 0.601272, 0.650585, 0.706315, 0.751661, 0.807191, 0.848770, 0.899336, 0.945709, ]
	 CI UB in the last trial: [0.012816, 0.079853, 0.121111, 0.172400, 0.228952, 0.270462, 0.320680, 0.373326, 0.422325, 0.472642, 0.525133, 0.561590, 0.619641, 0.668418, 0.739540, 0.765477, 0.818048, 0.874893, 0.919733, 0.971200, ]
	 CI LB in the last trial: [-0.013026, 0.034476, 0.093596, 0.134804, 0.186311, 0.246377, 0.273172, 0.336097, 0.382121, 0.427921, 0.467044, 0.529699, 0.582902, 0.632752, 0.673090, 0.737844, 0.796334, 0.822647, 0.878939, 0.920218, ]
