----->
	 Cov Rate: 0.9997 	 (0.017317909804592472) 	Avg Len: 15.853446508040873 	 (0.16982908453304524) 
	 d: 20 	 n: 10000 	 B: 3 	 eta_0: 0.5 	 alpha: 0.501 	 # Trials: 500
	 True solution:           [0.000000, 0.052632, 0.105263, 0.157895, 0.210526, 0.263158, 0.315789, 0.368421, 0.421053, 0.473684, 0.526316, 0.578947, 0.631579, 0.684211, 0.736842, 0.789474, 0.842105, 0.894737, 0.947368, 1.000000, ]
	 center in last trial:    [0.041638, 0.107145, 0.061974, 0.111153, 0.170763, 0.226462, 0.275817, 0.379973, 0.408279, 0.465982, 0.501819, 0.556156, 0.642077, 0.638500, 0.725507, 0.812896, 0.840731, 0.872188, 0.999029, 1.041214, ]
	 CI UB in the last trial: [4.713267, 17.344991, 7.711826, 11.646431, 13.240337, 7.689878, 2.219550, 15.359398, 16.614894, 2.208077, 7.654661, 14.073647, 7.455469, 20.295897, 4.927719, 21.108477, 6.346305, 14.142316, 3.413294, 20.859584, ]
	 CI LB in the last trial: [-4.629991, -17.130702, -7.587878, -11.424126, -12.898810, -7.236953, -1.667916, -14.599451, -15.798335, -1.276112, -6.651024, -12.961336, -6.171315, -19.018896, -3.476705, -19.482684, -4.664844, -12.397941, -1.415236, -18.777155, ]
----->
	 Cov Rate: 0.9517 	 (0.21439941697681925) 	Avg Len: 0.0726728823520544 	 (6.604875938965197e-05) 
	 d: 20 	 n: 10000 	 B: 3 	 eta_0: 0.1 	 alpha: 0.501 	 # Trials: 500
	 True solution:           [0.000000, 0.052632, 0.105263, 0.157895, 0.210526, 0.263158, 0.315789, 0.368421, 0.421053, 0.473684, 0.526316, 0.578947, 0.631579, 0.684211, 0.736842, 0.789474, 0.842105, 0.894737, 0.947368, 1.000000, ]
	 center in last trial:    [0.010357, 0.060789, 0.110150, 0.139293, 0.197799, 0.266589, 0.306577, 0.367630, 0.422224, 0.471196, 0.519943, 0.585650, 0.643087, 0.662330, 0.746517, 0.795431, 0.839033, 0.887920, 0.940650, 1.002538, ]
	 CI UB in the last trial: [0.078589, 0.211938, 0.164858, 0.224948, 0.284591, 0.365235, 0.340819, 0.434653, 0.498425, 0.570523, 0.615401, 0.776882, 0.683436, 0.725601, 0.847963, 0.850124, 0.989184, 0.956835, 1.003503, 1.098603, ]
	 CI LB in the last trial: [-0.057875, -0.090361, 0.055442, 0.053639, 0.111006, 0.167943, 0.272335, 0.300606, 0.346023, 0.371870, 0.424486, 0.394419, 0.602739, 0.599058, 0.645072, 0.740739, 0.688881, 0.819004, 0.877797, 0.906472, ]
----->
	 Cov Rate: 0.8978 	 (0.302911142086256) 	Avg Len: 0.08006900096405976 	 (7.186255612612639e-05) 
	 d: 20 	 n: 10000 	 B: 3 	 eta_0: 0.05 	 alpha: 0.501 	 # Trials: 500
	 True solution:           [0.000000, 0.052632, 0.105263, 0.157895, 0.210526, 0.263158, 0.315789, 0.368421, 0.421053, 0.473684, 0.526316, 0.578947, 0.631579, 0.684211, 0.736842, 0.789474, 0.842105, 0.894737, 0.947368, 1.000000, ]
	 center in last trial:    [0.003451, 0.067426, 0.110511, 0.140750, 0.201229, 0.270267, 0.300307, 0.363205, 0.413486, 0.459790, 0.513031, 0.573097, 0.631826, 0.653822, 0.741818, 0.787608, 0.831931, 0.877393, 0.921488, 0.980236, ]
	 CI UB in the last trial: [0.076223, 0.254926, 0.162690, 0.197917, 0.319822, 0.428398, 0.342449, 0.440994, 0.477869, 0.571632, 0.616530, 0.695954, 0.667936, 0.731615, 0.892058, 0.864853, 1.024790, 0.946556, 1.003060, 1.054565, ]
	 CI LB in the last trial: [-0.069321, -0.120073, 0.058332, 0.083584, 0.082636, 0.112135, 0.258165, 0.285415, 0.349104, 0.347948, 0.409532, 0.450240, 0.595717, 0.576029, 0.591578, 0.710364, 0.639072, 0.808231, 0.839916, 0.905908, ]
----->
	 Cov Rate: 0.2485 	 (0.4321432054307924) 	Avg Len: 0.14555081639149361 	 (0.00013643623104845555) 
	 d: 20 	 n: 10000 	 B: 3 	 eta_0: 0.01 	 alpha: 0.501 	 # Trials: 500
	 True solution:           [0.000000, 0.052632, 0.105263, 0.157895, 0.210526, 0.263158, 0.315789, 0.368421, 0.421053, 0.473684, 0.526316, 0.578947, 0.631579, 0.684211, 0.736842, 0.789474, 0.842105, 0.894737, 0.947368, 1.000000, ]
	 center in last trial:    [-0.012732, 0.076748, 0.080493, 0.109199, 0.169396, 0.216201, 0.219221, 0.270430, 0.293579, 0.315705, 0.361742, 0.385963, 0.452719, 0.466663, 0.548796, 0.578312, 0.610900, 0.629573, 0.644536, 0.675030, ]
	 CI UB in the last trial: [0.173512, 0.368227, 0.145638, 0.209682, 0.581856, 0.465176, 0.473119, 0.371291, 0.579945, 0.538224, 0.470086, 0.542391, 0.612999, 0.589108, 0.845364, 0.758386, 1.010616, 0.787931, 0.850113, 0.798195, ]
	 CI LB in the last trial: [-0.198976, -0.214731, 0.015348, 0.008716, -0.243063, -0.032773, -0.034676, 0.169568, 0.007214, 0.093187, 0.253399, 0.229535, 0.292440, 0.344219, 0.252227, 0.398238, 0.211184, 0.471216, 0.438959, 0.551865, ]
----->
	 Cov Rate: 0.9999 	 (0.009999499987499376) 	Avg Len: 79.0456659733606 	 (1.1963824664840959) 
	 d: 20 	 n: 3333 	 B: 3 	 eta_0: 0.5 	 alpha: 0.501 	 # Trials: 500
	 True solution:           [0.000000, 0.052632, 0.105263, 0.157895, 0.210526, 0.263158, 0.315789, 0.368421, 0.421053, 0.473684, 0.526316, 0.578947, 0.631579, 0.684211, 0.736842, 0.789474, 0.842105, 0.894737, 0.947368, 1.000000, ]
	 center in last trial:    [0.082861, 0.284595, -0.069183, 0.069175, 0.168394, 0.216540, 0.226800, 0.458480, 0.402423, 0.446417, 0.413636, 0.382100, 0.695246, 0.526154, 0.677794, 0.815495, 0.844739, 0.768709, 1.170719, 1.251115, ]
	 CI UB in the last trial: [10.880634, 15.669869, 2.231656, 6.990138, 11.665363, 5.347144, 23.004311, 28.786674, 13.393872, 8.205016, 10.985957, 12.436162, 19.800470, 35.422371, 8.864631, 19.668687, 12.729260, 30.466490, 10.188288, 38.008592, ]
	 CI LB in the last trial: [-10.714912, -15.100679, -2.370021, -6.851789, -11.328576, -4.914063, -22.550712, -27.869714, -12.589026, -7.312182, -10.158685, -11.671963, -18.409978, -34.370062, -7.509043, -18.037698, -11.039781, -28.929072, -7.846849, -35.506361, ]
----->
	 Cov Rate: 0.9552 	 (0.206864593393843) 	Avg Len: 0.15928584522608222 	 (0.00018016485769496233) 
	 d: 20 	 n: 3333 	 B: 3 	 eta_0: 0.1 	 alpha: 0.501 	 # Trials: 500
	 True solution:           [0.000000, 0.052632, 0.105263, 0.157895, 0.210526, 0.263158, 0.315789, 0.368421, 0.421053, 0.473684, 0.526316, 0.578947, 0.631579, 0.684211, 0.736842, 0.789474, 0.842105, 0.894737, 0.947368, 1.000000, ]
	 center in last trial:    [-0.038752, 0.095089, 0.099706, 0.156501, 0.202073, 0.300456, 0.283162, 0.353394, 0.460902, 0.477456, 0.522418, 0.561300, 0.651876, 0.669550, 0.785488, 0.800712, 0.877797, 0.865461, 0.931407, 1.010285, ]
	 CI UB in the last trial: [0.227105, 0.201201, 0.182975, 0.455952, 0.616455, 0.478270, 0.343327, 0.418720, 0.611861, 0.637731, 0.603803, 0.748807, 0.949276, 0.894281, 1.123147, 1.289745, 1.184378, 1.179910, 1.136451, 1.349796, ]
	 CI LB in the last trial: [-0.304609, -0.011023, 0.016438, -0.142950, -0.212308, 0.122642, 0.222997, 0.288068, 0.309944, 0.317181, 0.441032, 0.373794, 0.354477, 0.444819, 0.447828, 0.311679, 0.571216, 0.551011, 0.726364, 0.670774, ]
----->
	 Cov Rate: 0.8596 	 (0.3474015544006676) 	Avg Len: 0.18333630964441708 	 (0.0001970585892891191) 
	 d: 20 	 n: 3333 	 B: 3 	 eta_0: 0.05 	 alpha: 0.501 	 # Trials: 500
	 True solution:           [0.000000, 0.052632, 0.105263, 0.157895, 0.210526, 0.263158, 0.315789, 0.368421, 0.421053, 0.473684, 0.526316, 0.578947, 0.631579, 0.684211, 0.736842, 0.789474, 0.842105, 0.894737, 0.947368, 1.000000, ]
	 center in last trial:    [-0.047033, 0.110541, 0.090100, 0.168812, 0.207396, 0.306053, 0.274880, 0.334860, 0.450060, 0.450215, 0.501320, 0.536989, 0.625883, 0.657104, 0.769125, 0.782178, 0.862377, 0.840073, 0.882169, 0.950581, ]
	 CI UB in the last trial: [0.112018, 0.300996, 0.261846, 0.549634, 0.749195, 0.463639, 0.443691, 0.437136, 0.636901, 0.571993, 0.734418, 0.807316, 0.974428, 0.925059, 1.288002, 1.290906, 1.280566, 1.158872, 1.145791, 1.337731, ]
	 CI LB in the last trial: [-0.206083, -0.079915, -0.081646, -0.212010, -0.334404, 0.148467, 0.106069, 0.232583, 0.263220, 0.328436, 0.268223, 0.266661, 0.277339, 0.389148, 0.250247, 0.273451, 0.444188, 0.521275, 0.618546, 0.563431, ]
----->
	 Cov Rate: 0.23 	 (0.4208325082500163) 	Avg Len: 0.21880250997374792 	 (0.00023161329040390113) 
	 d: 20 	 n: 3333 	 B: 3 	 eta_0: 0.01 	 alpha: 0.501 	 # Trials: 500
	 True solution:           [0.000000, 0.052632, 0.105263, 0.157895, 0.210526, 0.263158, 0.315789, 0.368421, 0.421053, 0.473684, 0.526316, 0.578947, 0.631579, 0.684211, 0.736842, 0.789474, 0.842105, 0.894737, 0.947368, 1.000000, ]
	 center in last trial:    [-0.038300, 0.104838, 0.044969, 0.108031, 0.136597, 0.206453, 0.152142, 0.192515, 0.259600, 0.237636, 0.268979, 0.284030, 0.349262, 0.369404, 0.441728, 0.441260, 0.512939, 0.467662, 0.474498, 0.496129, ]
	 CI UB in the last trial: [0.280564, 0.377444, 0.413886, 0.439950, 0.848526, 0.491956, 0.601093, 0.563240, 0.589754, 0.523502, 0.515905, 0.543842, 0.696002, 0.712588, 1.147056, 0.865645, 0.929854, 0.840737, 0.843631, 0.697939, ]
	 CI LB in the last trial: [-0.357164, -0.167767, -0.323949, -0.223888, -0.575332, -0.079050, -0.296809, -0.178211, -0.070554, -0.048230, 0.022053, 0.024218, 0.002522, 0.026220, -0.263601, 0.016875, 0.096025, 0.094588, 0.105364, 0.294319, ]
