----->
	 Cov Rate: 0.9958 	 (0.06467116822819889) 	Avg Len: 0.44227153155943505 	 (0.0019388505118998669) 
	 d: 20 	 n: 100000 	 M ratio: 0.25 	 eta_0: 0.5 	 alpha: 0.501 	 # Trials: 500
	 True solution:           [0.000000, 0.052632, 0.105263, 0.157895, 0.210526, 0.263158, 0.315789, 0.368421, 0.421053, 0.473684, 0.526316, 0.578947, 0.631579, 0.684211, 0.736842, 0.789474, 0.842105, 0.894737, 0.947368, 1.000000, ]
	 center in last trial:    [-0.006747, 0.062691, 0.092501, 0.150807, 0.219431, 0.259552, 0.317273, 0.362641, 0.418771, 0.478996, 0.511518, 0.593148, 0.619023, 0.689911, 0.731249, 0.785365, 0.837593, 0.907653, 0.929324, 1.008129, ]
	 CI UB in the last trial: [0.110076, 0.169013, 0.141602, 0.217342, 0.384956, 0.276118, 0.411423, 0.421675, 0.456020, 0.621007, 0.784183, 0.765969, 0.763082, 0.750061, 0.753031, 0.879743, 0.922192, 1.160041, 1.149452, 1.083308, ]
	 CI LB in the last trial: [-0.123571, -0.043632, 0.043401, 0.084271, 0.053905, 0.242985, 0.223124, 0.303608, 0.381521, 0.336986, 0.238853, 0.420328, 0.474965, 0.629761, 0.709466, 0.690987, 0.752994, 0.655265, 0.709196, 0.932949, ]
----->
	 Cov Rate: 0.8851 	 (0.3189012229515591) 	Avg Len: 0.015054663565474288 	 (1.0937172653171782e-05) 
	 d: 20 	 n: 100000 	 M ratio: 0.25 	 eta_0: 0.1 	 alpha: 0.501 	 # Trials: 500
	 True solution:           [0.000000, 0.052632, 0.105263, 0.157895, 0.210526, 0.263158, 0.315789, 0.368421, 0.421053, 0.473684, 0.526316, 0.578947, 0.631579, 0.684211, 0.736842, 0.789474, 0.842105, 0.894737, 0.947368, 1.000000, ]
	 center in last trial:    [-0.000440, 0.055605, 0.097260, 0.154194, 0.209424, 0.261836, 0.320339, 0.366778, 0.421274, 0.472454, 0.525868, 0.581578, 0.628638, 0.685272, 0.733180, 0.790715, 0.842285, 0.894567, 0.940458, 1.003250, ]
	 CI UB in the last trial: [0.014785, 0.064131, 0.115221, 0.166636, 0.223619, 0.274541, 0.341581, 0.385116, 0.431067, 0.494433, 0.550498, 0.590345, 0.642432, 0.701540, 0.740144, 0.802014, 0.851623, 0.909013, 0.954143, 1.019601, ]
	 CI LB in the last trial: [-0.015665, 0.047080, 0.079299, 0.141752, 0.195229, 0.249131, 0.299098, 0.348440, 0.411481, 0.450475, 0.501238, 0.572811, 0.614843, 0.669004, 0.726215, 0.779416, 0.832947, 0.880120, 0.926772, 0.986898, ]
----->
	 Cov Rate: 0.8171 	 (0.3865845185725884) 	Avg Len: 0.013593699609284199 	 (1.0721335555408293e-05) 
	 d: 20 	 n: 100000 	 M ratio: 0.25 	 eta_0: 0.05 	 alpha: 0.501 	 # Trials: 500
	 True solution:           [0.000000, 0.052632, 0.105263, 0.157895, 0.210526, 0.263158, 0.315789, 0.368421, 0.421053, 0.473684, 0.526316, 0.578947, 0.631579, 0.684211, 0.736842, 0.789474, 0.842105, 0.894737, 0.947368, 1.000000, ]
	 center in last trial:    [-0.000741, 0.055280, 0.098386, 0.153171, 0.209966, 0.262063, 0.318651, 0.366927, 0.421199, 0.473835, 0.526031, 0.579616, 0.630162, 0.683573, 0.733410, 0.791634, 0.840950, 0.895439, 0.940043, 1.001773, ]
	 CI UB in the last trial: [0.013535, 0.062570, 0.115971, 0.162791, 0.221558, 0.271255, 0.339923, 0.380250, 0.431264, 0.493419, 0.544324, 0.592411, 0.642986, 0.700003, 0.737732, 0.802562, 0.851019, 0.906729, 0.954092, 1.024345, ]
	 CI LB in the last trial: [-0.015018, 0.047989, 0.080800, 0.143552, 0.198374, 0.252870, 0.297378, 0.353604, 0.411133, 0.454250, 0.507739, 0.566822, 0.617337, 0.667142, 0.729089, 0.780705, 0.830882, 0.884149, 0.925994, 0.979201, ]
----->
	 Cov Rate: 0.5642 	 (0.49586123058775233) 	Avg Len: 0.02282660901370565 	 (2.9274772724966527e-05) 
	 d: 20 	 n: 100000 	 M ratio: 0.25 	 eta_0: 0.01 	 alpha: 0.501 	 # Trials: 500
	 True solution:           [0.000000, 0.052632, 0.105263, 0.157895, 0.210526, 0.263158, 0.315789, 0.368421, 0.421053, 0.473684, 0.526316, 0.578947, 0.631579, 0.684211, 0.736842, 0.789474, 0.842105, 0.894737, 0.947368, 1.000000, ]
	 center in last trial:    [-0.003839, 0.053738, 0.104101, 0.151027, 0.213791, 0.261442, 0.301419, 0.371607, 0.419960, 0.480391, 0.521218, 0.564719, 0.636172, 0.670618, 0.730551, 0.792209, 0.832327, 0.898908, 0.939037, 0.965386, ]
	 CI UB in the last trial: [0.005509, 0.057739, 0.115252, 0.155767, 0.223197, 0.275628, 0.329575, 0.384502, 0.430444, 0.493082, 0.545086, 0.597670, 0.665222, 0.704663, 0.758195, 0.816696, 0.864084, 0.933227, 0.988111, 1.039528, ]
	 CI LB in the last trial: [-0.013187, 0.049737, 0.092950, 0.146287, 0.204385, 0.247256, 0.273264, 0.358712, 0.409477, 0.467699, 0.497350, 0.531768, 0.607121, 0.636573, 0.702908, 0.767721, 0.800570, 0.864589, 0.889962, 0.891244, ]
