----->
	 Cov Rate: 0.9496 	 (0.21876891918186184) 	Avg Len: 0.21556916450497596 	 (0.00022721790293128927) 
	 d: 20 	 n: 100000 	 R: 3 	 eta_0: 0.5 	 alpha: 0.501 	 # Trials: 500
	 True solution:           [0.000000, 0.052632, 0.105263, 0.157895, 0.210526, 0.263158, 0.315789, 0.368421, 0.421053, 0.473684, 0.526316, 0.578947, 0.631579, 0.684211, 0.736842, 0.789474, 0.842105, 0.894737, 0.947368, 1.000000, ]
	 center in last trial:    [0.016895, 0.071037, 0.073264, 0.222150, 0.216964, 0.261266, 0.349766, 0.372581, 0.414327, 0.432064, 0.531051, 0.553793, 0.594377, 0.687518, 0.718233, 0.815282, 0.841842, 0.893686, 0.963004, 1.024044, ]
	 CI UB in the last trial: [0.477234, 0.301978, 0.200762, 0.313832, 0.447119, 0.684668, 0.608467, 0.488813, 0.530537, 0.578355, 0.741140, 0.626872, 0.817885, 0.924116, 0.987881, 1.076646, 1.120503, 1.025267, 1.194344, 1.366821, ]
	 CI LB in the last trial: [-0.443444, -0.159905, -0.054234, 0.130467, -0.013191, -0.162136, 0.091065, 0.256349, 0.298116, 0.285773, 0.320961, 0.480715, 0.370869, 0.450920, 0.448584, 0.553919, 0.563182, 0.762105, 0.731664, 0.681266, ]
----->
	 Cov Rate: 0.9492 	 (0.2195890707662838) 	Avg Len: 0.0965084599511134 	 (0.00010106894473479655) 
	 d: 20 	 n: 100000 	 R: 3 	 eta_0: 0.1 	 alpha: 0.501 	 # Trials: 500
	 True solution:           [0.000000, 0.052632, 0.105263, 0.157895, 0.210526, 0.263158, 0.315789, 0.368421, 0.421053, 0.473684, 0.526316, 0.578947, 0.631579, 0.684211, 0.736842, 0.789474, 0.842105, 0.894737, 0.947368, 1.000000, ]
	 center in last trial:    [0.007807, 0.065813, 0.111618, 0.172060, 0.208075, 0.265570, 0.339299, 0.366541, 0.418171, 0.458975, 0.533574, 0.573403, 0.612990, 0.670570, 0.731264, 0.812981, 0.839942, 0.895251, 0.950113, 1.018553, ]
	 CI UB in the last trial: [0.234798, 0.183026, 0.165183, 0.210531, 0.349258, 0.426580, 0.508486, 0.406988, 0.545316, 0.523191, 0.621049, 0.582463, 0.694183, 0.677456, 0.783504, 0.964717, 0.903915, 1.046860, 0.978196, 1.156466, ]
	 CI LB in the last trial: [-0.219184, -0.051400, 0.058052, 0.133589, 0.066891, 0.104560, 0.170111, 0.326093, 0.291026, 0.394758, 0.446099, 0.564343, 0.531796, 0.663684, 0.679024, 0.661245, 0.775970, 0.743641, 0.922029, 0.880641, ]
----->
	 Cov Rate: 0.9488 	 (0.22040544457884878) 	Avg Len: 0.06861620782629005 	 (7.17664867950907e-05) 
	 d: 20 	 n: 100000 	 R: 3 	 eta_0: 0.05 	 alpha: 0.501 	 # Trials: 500
	 True solution:           [0.000000, 0.052632, 0.105263, 0.157895, 0.210526, 0.263158, 0.315789, 0.368421, 0.421053, 0.473684, 0.526316, 0.578947, 0.631579, 0.684211, 0.736842, 0.789474, 0.842105, 0.894737, 0.947368, 1.000000, ]
	 center in last trial:    [0.004638, 0.062798, 0.113253, 0.162140, 0.207913, 0.264258, 0.326429, 0.365179, 0.417217, 0.462966, 0.529322, 0.581053, 0.622266, 0.673675, 0.734559, 0.804788, 0.842573, 0.892888, 0.946793, 1.010409, ]
	 CI UB in the last trial: [0.150219, 0.123170, 0.152963, 0.187702, 0.300117, 0.357956, 0.420705, 0.389743, 0.496198, 0.509580, 0.574399, 0.606262, 0.704212, 0.712282, 0.758632, 0.916031, 0.861896, 1.004761, 0.973671, 1.093177, ]
	 CI LB in the last trial: [-0.140944, 0.002426, 0.073542, 0.136577, 0.115709, 0.170559, 0.232153, 0.340616, 0.338235, 0.416352, 0.484245, 0.555844, 0.540321, 0.635069, 0.710485, 0.693545, 0.823250, 0.781015, 0.919915, 0.927641, ]
----->
	 Cov Rate: 0.9385 	 (0.24024518725668575) 	Avg Len: 0.032575198615647664 	 (3.3915404332782184e-05) 
	 d: 20 	 n: 100000 	 R: 3 	 eta_0: 0.01 	 alpha: 0.501 	 # Trials: 500
	 True solution:           [0.000000, 0.052632, 0.105263, 0.157895, 0.210526, 0.263158, 0.315789, 0.368421, 0.421053, 0.473684, 0.526316, 0.578947, 0.631579, 0.684211, 0.736842, 0.789474, 0.842105, 0.894737, 0.947368, 1.000000, ]
	 center in last trial:    [0.001672, 0.059040, 0.112687, 0.153846, 0.211093, 0.259919, 0.317559, 0.367956, 0.423299, 0.467270, 0.523850, 0.580988, 0.629731, 0.681560, 0.734761, 0.787938, 0.842235, 0.890931, 0.939195, 0.998150, ]
	 CI UB in the last trial: [0.039146, 0.075898, 0.128950, 0.186094, 0.225507, 0.286929, 0.350469, 0.379050, 0.434451, 0.484336, 0.542222, 0.616752, 0.685752, 0.720044, 0.770585, 0.816777, 0.872606, 0.924435, 0.963195, 1.040017, ]
	 CI LB in the last trial: [-0.035802, 0.042183, 0.096424, 0.121598, 0.196680, 0.232908, 0.284650, 0.356863, 0.412148, 0.450204, 0.505479, 0.545223, 0.573710, 0.643076, 0.698937, 0.759099, 0.811865, 0.857426, 0.915194, 0.956282, ]
