----->
	 Cov Rate: 0.9997 	 (0.017317909804592472) 	Avg Len: 12.71207661206625 	 (0.045528638645629615) 
	 d: 20 	 n: 2000 	 B: 5 	 eta_0: 0.5 	 alpha: 0.501 	 # Trials: 500
	 True solution:           [0.000000, 0.052632, 0.105263, 0.157895, 0.210526, 0.263158, 0.315789, 0.368421, 0.421053, 0.473684, 0.526316, 0.578947, 0.631579, 0.684211, 0.736842, 0.789474, 0.842105, 0.894737, 0.947368, 1.000000, ]
	 center in last trial:    [-0.364148, 1.115300, -1.461805, -1.020410, 2.168038, 0.969617, -0.821399, 1.056456, 1.243170, 0.068446, 0.782996, 0.307547, 1.848499, -0.310072, 1.494118, -0.181987, 0.181316, 0.823661, 0.882743, 0.856129, ]
	 CI UB in the last trial: [3.194190, 17.248847, 18.867671, 4.621196, 17.224849, 10.304266, 10.014943, 9.030734, 14.610534, 10.518744, 13.984604, 9.734461, 16.694068, 15.282395, 19.914417, 11.134608, 6.409639, 5.157371, 6.151428, 5.531564, ]
	 CI LB in the last trial: [-3.922486, -15.018247, -21.791280, -6.662016, -12.888773, -8.365031, -11.657741, -6.917822, -12.124194, -10.381852, -12.418611, -9.119366, -12.997071, -15.902538, -16.926180, -11.498583, -6.047006, -3.510050, -4.385943, -3.819306, ]
----->
	 Cov Rate: 0.997 	 (0.054690035655501276) 	Avg Len: 0.3208727104606639 	 (0.00026341420933031085) 
	 d: 20 	 n: 2000 	 B: 5 	 eta_0: 0.1 	 alpha: 0.501 	 # Trials: 500
	 True solution:           [0.000000, 0.052632, 0.105263, 0.157895, 0.210526, 0.263158, 0.315789, 0.368421, 0.421053, 0.473684, 0.526316, 0.578947, 0.631579, 0.684211, 0.736842, 0.789474, 0.842105, 0.894737, 0.947368, 1.000000, ]
	 center in last trial:    [-0.028248, 0.046195, 0.118466, 0.134612, 0.251397, 0.231364, 0.319515, 0.405539, 0.352924, 0.504503, 0.567113, 0.529252, 0.651560, 0.662245, 0.714263, 0.806823, 0.835608, 0.915156, 0.899240, 1.011994, ]
	 CI UB in the last trial: [0.102077, 0.337307, 0.371037, 0.303689, 0.583719, 0.418222, 0.762217, 0.759077, 0.510600, 0.804782, 0.888176, 0.991272, 1.082661, 0.922513, 0.897262, 1.045282, 1.252058, 1.452477, 1.462083, 1.349327, ]
	 CI LB in the last trial: [-0.158573, -0.244918, -0.134106, -0.034464, -0.080926, 0.044506, -0.123188, 0.052001, 0.195248, 0.204224, 0.246050, 0.067232, 0.220459, 0.401977, 0.531265, 0.568363, 0.419158, 0.377835, 0.336397, 0.674662, ]
----->
	 Cov Rate: 0.9926 	 (0.08570437561758446) 	Avg Len: 0.35026818286579714 	 (0.00026747692858863047) 
	 d: 20 	 n: 2000 	 B: 5 	 eta_0: 0.05 	 alpha: 0.501 	 # Trials: 500
	 True solution:           [0.000000, 0.052632, 0.105263, 0.157895, 0.210526, 0.263158, 0.315789, 0.368421, 0.421053, 0.473684, 0.526316, 0.578947, 0.631579, 0.684211, 0.736842, 0.789474, 0.842105, 0.894737, 0.947368, 1.000000, ]
	 center in last trial:    [-0.053817, 0.069021, 0.111087, 0.147959, 0.239474, 0.234625, 0.297324, 0.393245, 0.368724, 0.500422, 0.560552, 0.521319, 0.644502, 0.640741, 0.713232, 0.806920, 0.824283, 0.922586, 0.884700, 0.969282, ]
	 CI UB in the last trial: [0.162647, 0.331574, 0.303973, 0.322117, 0.567079, 0.365419, 0.757256, 0.846604, 0.590750, 0.829484, 0.870024, 1.155113, 1.282855, 0.864627, 1.000183, 1.150864, 1.230205, 1.413350, 1.338998, 1.222135, ]
	 CI LB in the last trial: [-0.270280, -0.193531, -0.081798, -0.026198, -0.088131, 0.103830, -0.162607, -0.060114, 0.146697, 0.171360, 0.251080, -0.112475, 0.006148, 0.416855, 0.426280, 0.462976, 0.418361, 0.431822, 0.430402, 0.716429, ]
----->
	 Cov Rate: 0.5886 	 (0.49208743125586946) 	Avg Len: 0.26526101671659813 	 (0.00019896600683356924) 
	 d: 20 	 n: 2000 	 B: 5 	 eta_0: 0.01 	 alpha: 0.501 	 # Trials: 500
	 True solution:           [0.000000, 0.052632, 0.105263, 0.157895, 0.210526, 0.263158, 0.315789, 0.368421, 0.421053, 0.473684, 0.526316, 0.578947, 0.631579, 0.684211, 0.736842, 0.789474, 0.842105, 0.894737, 0.947368, 1.000000, ]
	 center in last trial:    [-0.020535, 0.056233, 0.101592, 0.148885, 0.184833, 0.184854, 0.212136, 0.292861, 0.322142, 0.399720, 0.420659, 0.405815, 0.476911, 0.504341, 0.567882, 0.634791, 0.665015, 0.706528, 0.657981, 0.603291, ]
	 CI UB in the last trial: [0.264087, 0.299259, 0.280173, 0.345673, 0.438997, 0.408001, 0.473669, 0.554641, 0.577478, 0.618564, 0.632972, 0.757244, 0.972758, 0.678832, 0.823443, 1.013091, 0.997455, 1.004634, 0.774491, 0.736802, ]
	 CI LB in the last trial: [-0.305157, -0.186792, -0.076989, -0.047902, -0.069330, -0.038294, -0.049398, 0.031081, 0.066807, 0.180875, 0.208346, 0.054387, -0.018936, 0.329849, 0.312321, 0.256492, 0.332574, 0.408422, 0.541470, 0.469780, ]
----->
	 Cov Rate: 0.9992 	 (0.02827295527531567) 	Avg Len: 2.5122963692734235 	 (0.00879197363938856) 
	 d: 20 	 n: 10000 	 B: 5 	 eta_0: 0.5 	 alpha: 0.501 	 # Trials: 500
	 True solution:           [0.000000, 0.052632, 0.105263, 0.157895, 0.210526, 0.263158, 0.315789, 0.368421, 0.421053, 0.473684, 0.526316, 0.578947, 0.631579, 0.684211, 0.736842, 0.789474, 0.842105, 0.894737, 0.947368, 1.000000, ]
	 center in last trial:    [-0.077967, 0.360466, -0.313638, -0.107104, 0.659216, 0.416451, 0.033183, 0.521883, 0.605283, 0.370751, 0.616354, 0.504633, 0.950003, 0.429677, 0.942949, 0.552338, 0.710202, 0.891500, 0.896062, 0.963216, ]
	 CI UB in the last trial: [0.883499, 4.084761, 4.665936, 1.053872, 4.406469, 2.631762, 2.517759, 2.124195, 3.801053, 2.819720, 3.845815, 2.751556, 4.468484, 4.323133, 5.322477, 3.325890, 2.078964, 1.851271, 2.123508, 2.107644, ]
	 CI LB in the last trial: [-1.039432, -3.363829, -5.293212, -1.268079, -3.088037, -1.798859, -2.451392, -1.080430, -2.590487, -2.078218, -2.613106, -1.742289, -2.568477, -3.463779, -3.436579, -2.221214, -0.658560, -0.068270, -0.331384, -0.181212, ]
----->
	 Cov Rate: 0.9969 	 (0.05559127629403736) 	Avg Len: 0.09598484722868124 	 (7.458918309626889e-05) 
	 d: 20 	 n: 10000 	 B: 5 	 eta_0: 0.1 	 alpha: 0.501 	 # Trials: 500
	 True solution:           [0.000000, 0.052632, 0.105263, 0.157895, 0.210526, 0.263158, 0.315789, 0.368421, 0.421053, 0.473684, 0.526316, 0.578947, 0.631579, 0.684211, 0.736842, 0.789474, 0.842105, 0.894737, 0.947368, 1.000000, ]
	 center in last trial:    [0.003469, 0.044468, 0.105309, 0.147932, 0.225281, 0.242446, 0.317502, 0.371399, 0.420279, 0.477796, 0.544549, 0.562983, 0.627210, 0.681712, 0.737569, 0.792157, 0.851009, 0.893933, 0.930970, 0.998904, ]
	 CI UB in the last trial: [0.070574, 0.096037, 0.161798, 0.249616, 0.301526, 0.350613, 0.444401, 0.519929, 0.538894, 0.553303, 0.598923, 0.739099, 0.795428, 0.798871, 0.834382, 0.859247, 0.981792, 0.941061, 1.126093, 1.110549, ]
	 CI LB in the last trial: [-0.063636, -0.007100, 0.048820, 0.046248, 0.149035, 0.134279, 0.190603, 0.222869, 0.301663, 0.402288, 0.490174, 0.386866, 0.458992, 0.564552, 0.640755, 0.725066, 0.720227, 0.846805, 0.735847, 0.887259, ]
----->
	 Cov Rate: 0.9952 	 (0.06911555541265656) 	Avg Len: 0.12788685079995435 	 (9.809860666379579e-05) 
	 d: 20 	 n: 10000 	 B: 5 	 eta_0: 0.05 	 alpha: 0.501 	 # Trials: 500
	 True solution:           [0.000000, 0.052632, 0.105263, 0.157895, 0.210526, 0.263158, 0.315789, 0.368421, 0.421053, 0.473684, 0.526316, 0.578947, 0.631579, 0.684211, 0.736842, 0.789474, 0.842105, 0.894737, 0.947368, 1.000000, ]
	 center in last trial:    [-0.003985, 0.051464, 0.103172, 0.149845, 0.222936, 0.242865, 0.312453, 0.369966, 0.420373, 0.480149, 0.544604, 0.557485, 0.630606, 0.674217, 0.734762, 0.797226, 0.844338, 0.899874, 0.923418, 0.991425, ]
	 CI UB in the last trial: [0.134096, 0.163414, 0.157548, 0.236655, 0.315858, 0.358677, 0.490415, 0.545714, 0.565726, 0.559446, 0.623130, 0.863951, 0.914236, 0.798917, 0.881036, 0.903806, 0.955649, 0.993963, 1.184029, 1.136104, ]
	 CI LB in the last trial: [-0.142065, -0.060486, 0.048795, 0.063035, 0.130015, 0.127053, 0.134491, 0.194217, 0.275021, 0.400851, 0.466078, 0.251020, 0.346975, 0.549518, 0.588489, 0.690646, 0.733028, 0.805786, 0.662807, 0.846746, ]
----->
	 Cov Rate: 0.8856 	 (0.31829646557886876) 	Avg Len: 0.16603065693552818 	 (0.0001236899778880204) 
	 d: 20 	 n: 10000 	 B: 5 	 eta_0: 0.01 	 alpha: 0.501 	 # Trials: 500
	 True solution:           [0.000000, 0.052632, 0.105263, 0.157895, 0.210526, 0.263158, 0.315789, 0.368421, 0.421053, 0.473684, 0.526316, 0.578947, 0.631579, 0.684211, 0.736842, 0.789474, 0.842105, 0.894737, 0.947368, 1.000000, ]
	 center in last trial:    [-0.005193, 0.051522, 0.104107, 0.159623, 0.206362, 0.226710, 0.272217, 0.347567, 0.401900, 0.469473, 0.507936, 0.518281, 0.585454, 0.630806, 0.691846, 0.764278, 0.808927, 0.856805, 0.850280, 0.818388, ]
	 CI UB in the last trial: [0.187154, 0.136099, 0.198821, 0.250664, 0.305287, 0.396654, 0.468888, 0.518473, 0.608594, 0.523648, 0.638601, 0.857551, 0.970277, 0.675058, 0.896169, 0.985409, 0.982668, 0.981998, 1.001106, 0.933717, ]
	 CI LB in the last trial: [-0.197540, -0.033055, 0.009394, 0.068583, 0.107438, 0.056766, 0.075546, 0.176661, 0.195206, 0.415297, 0.377272, 0.179011, 0.200630, 0.586555, 0.487522, 0.543146, 0.635186, 0.731612, 0.699453, 0.703058, ]
