----->
	 Cov Rate: 0.9144 	 (0.2797724789896247) 	Avg Len: 0.5621415786519799 	 (0.002656643392406511) 
	 d: 20 	 n: 10000 	 R: 3 	 eta_0: 0.5 	 alpha: 0.501 	 # Trials: 500
	 True solution:           [0.000000, 0.052632, 0.105263, 0.157895, 0.210526, 0.263158, 0.315789, 0.368421, 0.421053, 0.473684, 0.526316, 0.578947, 0.631579, 0.684211, 0.736842, 0.789474, 0.842105, 0.894737, 0.947368, 1.000000, ]
	 center in last trial:    [0.056329, 0.139206, 0.042190, 0.127288, 0.189645, 0.236285, 0.294016, 0.419978, 0.417850, 0.448903, 0.474786, 0.517369, 0.658812, 0.640044, 0.735651, 0.785766, 0.822895, 0.866407, 1.032751, 1.088931, ]
	 CI UB in the last trial: [0.703741, 0.845128, 0.608112, 0.874924, 0.977471, 1.953048, 0.707711, 0.849908, 1.391562, 0.939894, 2.601598, 1.971387, 1.148218, 2.177507, 0.979170, 1.784458, 1.217509, 1.354974, 2.086906, 2.290574, ]
	 CI LB in the last trial: [-0.591082, -0.566716, -0.523732, -0.620349, -0.598181, -1.480477, -0.119679, -0.009951, -0.555862, -0.042088, -1.652026, -0.936649, 0.169407, -0.897419, 0.492132, -0.212926, 0.428281, 0.377840, -0.021404, -0.112713, ]
----->
	 Cov Rate: 0.9479 	 (0.22222868851703195) 	Avg Len: 0.08534654265011717 	 (8.977360242893105e-05) 
	 d: 20 	 n: 10000 	 R: 3 	 eta_0: 0.1 	 alpha: 0.501 	 # Trials: 500
	 True solution:           [0.000000, 0.052632, 0.105263, 0.157895, 0.210526, 0.263158, 0.315789, 0.368421, 0.421053, 0.473684, 0.526316, 0.578947, 0.631579, 0.684211, 0.736842, 0.789474, 0.842105, 0.894737, 0.947368, 1.000000, ]
	 center in last trial:    [0.008915, 0.068261, 0.102538, 0.153714, 0.210481, 0.254562, 0.304721, 0.373320, 0.437905, 0.464956, 0.520184, 0.583191, 0.636434, 0.683275, 0.770340, 0.784678, 0.839858, 0.900040, 0.951787, 0.999435, ]
	 CI UB in the last trial: [0.051845, 0.088706, 0.223853, 0.215887, 0.401231, 0.308322, 0.313396, 0.468068, 0.458612, 0.604943, 0.657024, 0.637827, 0.665507, 0.788255, 0.800067, 0.860740, 0.951355, 0.957340, 1.003008, 1.156624, ]
	 CI LB in the last trial: [-0.034015, 0.047817, -0.018776, 0.091542, 0.019731, 0.200801, 0.296045, 0.278572, 0.417198, 0.324969, 0.383343, 0.528554, 0.607361, 0.578295, 0.740612, 0.708617, 0.728361, 0.842740, 0.900566, 0.842245, ]
----->
	 Cov Rate: 0.9059 	 (0.29196778931930145) 	Avg Len: 0.09871166644937203 	 (0.00010515411604136443) 
	 d: 20 	 n: 10000 	 R: 3 	 eta_0: 0.05 	 alpha: 0.501 	 # Trials: 500
	 True solution:           [0.000000, 0.052632, 0.105263, 0.157895, 0.210526, 0.263158, 0.315789, 0.368421, 0.421053, 0.473684, 0.526316, 0.578947, 0.631579, 0.684211, 0.736842, 0.789474, 0.842105, 0.894737, 0.947368, 1.000000, ]
	 center in last trial:    [0.003890, 0.077095, 0.099896, 0.155142, 0.214024, 0.256562, 0.299486, 0.366709, 0.435188, 0.453406, 0.514146, 0.575286, 0.625769, 0.674555, 0.766927, 0.772696, 0.833059, 0.886580, 0.938458, 0.980231, ]
	 CI UB in the last trial: [0.046227, 0.101408, 0.265734, 0.274322, 0.454515, 0.323219, 0.346543, 0.453287, 0.495185, 0.647860, 0.629759, 0.590793, 0.653717, 0.781428, 0.792423, 0.843839, 0.944866, 0.990366, 0.965393, 1.173454, ]
	 CI LB in the last trial: [-0.038447, 0.052781, -0.065941, 0.035963, -0.026467, 0.189904, 0.252429, 0.280131, 0.375191, 0.258951, 0.398533, 0.559779, 0.597821, 0.567681, 0.741431, 0.701553, 0.721251, 0.782793, 0.911522, 0.787008, ]
----->
	 Cov Rate: 0.3187 	 (0.4659724348070387) 	Avg Len: 0.1907769683080964 	 (0.0002025283807383674) 
	 d: 20 	 n: 10000 	 R: 3 	 eta_0: 0.01 	 alpha: 0.501 	 # Trials: 500
	 True solution:           [0.000000, 0.052632, 0.105263, 0.157895, 0.210526, 0.263158, 0.315789, 0.368421, 0.421053, 0.473684, 0.526316, 0.578947, 0.631579, 0.684211, 0.736842, 0.789474, 0.842105, 0.894737, 0.947368, 1.000000, ]
	 center in last trial:    [-0.006650, 0.101785, 0.067202, 0.115970, 0.175649, 0.203316, 0.217593, 0.269870, 0.324967, 0.316126, 0.364761, 0.403478, 0.450398, 0.478783, 0.574310, 0.554165, 0.623917, 0.627036, 0.671476, 0.685245, ]
	 CI UB in the last trial: [0.137165, 0.145081, 0.347854, 0.497043, 0.541479, 0.377022, 0.466488, 0.460724, 0.646489, 0.651485, 0.441302, 0.576698, 0.491683, 0.672282, 0.653121, 0.623530, 0.800077, 0.948203, 0.758117, 0.996404, ]
	 CI LB in the last trial: [-0.150464, 0.058489, -0.213450, -0.265103, -0.190182, 0.029609, -0.031302, 0.079015, 0.003445, -0.019233, 0.288220, 0.230258, 0.409113, 0.285283, 0.495500, 0.484800, 0.447757, 0.305869, 0.584835, 0.374086, ]
----->
	 Cov Rate: 0.9043 	 (0.29417938404993643) 	Avg Len: 0.3875046877043009 	 (0.001387706398841878) 
	 d: 20 	 n: 10000 	 R: 5 	 eta_0: 0.5 	 alpha: 0.501 	 # Trials: 500
	 True solution:           [0.000000, 0.052632, 0.105263, 0.157895, 0.210526, 0.263158, 0.315789, 0.368421, 0.421053, 0.473684, 0.526316, 0.578947, 0.631579, 0.684211, 0.736842, 0.789474, 0.842105, 0.894737, 0.947368, 1.000000, ]
	 center in last trial:    [0.056329, 0.139206, 0.042190, 0.127288, 0.189645, 0.236285, 0.294016, 0.419978, 0.417850, 0.448903, 0.474786, 0.517369, 0.658812, 0.640044, 0.735651, 0.785766, 0.822895, 0.866407, 1.032751, 1.088931, ]
	 CI UB in the last trial: [0.411531, 0.464400, 0.327198, 0.479889, 0.626889, 1.188119, 0.494546, 0.680904, 0.901940, 0.673727, 1.491763, 1.293238, 0.936916, 1.438642, 0.856148, 1.252783, 1.025605, 1.102121, 1.583524, 1.655560, ]
	 CI LB in the last trial: [-0.298873, -0.185989, -0.242819, -0.225314, -0.247598, -0.715549, 0.093485, 0.159053, -0.066240, 0.224079, -0.542191, -0.258500, 0.380708, -0.158554, 0.615154, 0.318750, 0.620184, 0.630694, 0.481978, 0.522301, ]
----->
	 Cov Rate: 0.9402 	 (0.23711592101754786) 	Avg Len: 0.058232706438354036 	 (4.287662412267274e-05) 
	 d: 20 	 n: 10000 	 R: 5 	 eta_0: 0.1 	 alpha: 0.501 	 # Trials: 500
	 True solution:           [0.000000, 0.052632, 0.105263, 0.157895, 0.210526, 0.263158, 0.315789, 0.368421, 0.421053, 0.473684, 0.526316, 0.578947, 0.631579, 0.684211, 0.736842, 0.789474, 0.842105, 0.894737, 0.947368, 1.000000, ]
	 center in last trial:    [0.008915, 0.068261, 0.102538, 0.153714, 0.210481, 0.254562, 0.304721, 0.373320, 0.437905, 0.464956, 0.520184, 0.583191, 0.636434, 0.683275, 0.770340, 0.784678, 0.839858, 0.900040, 0.951787, 0.999435, ]
	 CI UB in the last trial: [0.044897, 0.103677, 0.164576, 0.235318, 0.300937, 0.313038, 0.345862, 0.491656, 0.492268, 0.536856, 0.597347, 0.609594, 0.668622, 0.759171, 0.802271, 0.830386, 0.900819, 0.968044, 1.006992, 1.075156, ]
	 CI LB in the last trial: [-0.027066, 0.032846, 0.040501, 0.072110, 0.120025, 0.196085, 0.263579, 0.254984, 0.383541, 0.393056, 0.443021, 0.556787, 0.604246, 0.607380, 0.738408, 0.738970, 0.778897, 0.832036, 0.896582, 0.923713, ]
----->
	 Cov Rate: 0.8786 	 (0.32659154918644173) 	Avg Len: 0.0673503232719356 	 (5.013714581916783e-05) 
	 d: 20 	 n: 10000 	 R: 5 	 eta_0: 0.05 	 alpha: 0.501 	 # Trials: 500
	 True solution:           [0.000000, 0.052632, 0.105263, 0.157895, 0.210526, 0.263158, 0.315789, 0.368421, 0.421053, 0.473684, 0.526316, 0.578947, 0.631579, 0.684211, 0.736842, 0.789474, 0.842105, 0.894737, 0.947368, 1.000000, ]
	 center in last trial:    [0.003890, 0.077095, 0.099896, 0.155142, 0.214024, 0.256562, 0.299486, 0.366709, 0.435188, 0.453406, 0.514146, 0.575286, 0.625769, 0.674555, 0.766927, 0.772696, 0.833059, 0.886580, 0.938458, 0.980231, ]
	 CI UB in the last trial: [0.053872, 0.107888, 0.184684, 0.260264, 0.328522, 0.320430, 0.347774, 0.488708, 0.487747, 0.545922, 0.581614, 0.586108, 0.692509, 0.755748, 0.818709, 0.811351, 0.902441, 0.957602, 1.006538, 1.072585, ]
	 CI LB in the last trial: [-0.046092, 0.046301, 0.015109, 0.050020, 0.099526, 0.192693, 0.251198, 0.244710, 0.382629, 0.360890, 0.446678, 0.564464, 0.559028, 0.593362, 0.715146, 0.734041, 0.763676, 0.815557, 0.870378, 0.887878, ]
----->
	 Cov Rate: 0.2193 	 (0.41377229245081165) 	Avg Len: 0.1299589358206279 	 (9.715983060809063e-05) 
	 d: 20 	 n: 10000 	 R: 5 	 eta_0: 0.01 	 alpha: 0.501 	 # Trials: 500
	 True solution:           [0.000000, 0.052632, 0.105263, 0.157895, 0.210526, 0.263158, 0.315789, 0.368421, 0.421053, 0.473684, 0.526316, 0.578947, 0.631579, 0.684211, 0.736842, 0.789474, 0.842105, 0.894737, 0.947368, 1.000000, ]
	 center in last trial:    [-0.006650, 0.101785, 0.067202, 0.115970, 0.175649, 0.203316, 0.217593, 0.269870, 0.324967, 0.316126, 0.364761, 0.403478, 0.450398, 0.478783, 0.574310, 0.554165, 0.623917, 0.627036, 0.671476, 0.685245, ]
	 CI UB in the last trial: [0.099644, 0.166839, 0.242266, 0.334822, 0.355602, 0.285130, 0.342033, 0.388798, 0.493742, 0.472042, 0.416813, 0.486758, 0.628663, 0.594936, 0.725795, 0.647105, 0.758215, 0.786065, 0.787562, 0.848405, ]
	 CI LB in the last trial: [-0.112944, 0.036732, -0.107862, -0.102882, -0.004305, 0.121502, 0.093154, 0.150941, 0.156193, 0.160210, 0.312709, 0.320198, 0.272133, 0.362629, 0.422825, 0.461225, 0.489619, 0.468007, 0.555390, 0.522085, ]
----->
	 Cov Rate: 0.9196 	 (0.2719114561764546) 	Avg Len: 0.34104715437495825 	 (0.0008574147952838866) 
	 d: 20 	 n: 10000 	 R: 10 	 eta_0: 0.5 	 alpha: 0.501 	 # Trials: 500
	 True solution:           [0.000000, 0.052632, 0.105263, 0.157895, 0.210526, 0.263158, 0.315789, 0.368421, 0.421053, 0.473684, 0.526316, 0.578947, 0.631579, 0.684211, 0.736842, 0.789474, 0.842105, 0.894737, 0.947368, 1.000000, ]
	 center in last trial:    [0.056329, 0.139206, 0.042190, 0.127288, 0.189645, 0.236285, 0.294016, 0.419978, 0.417850, 0.448903, 0.474786, 0.517369, 0.658812, 0.640044, 0.735651, 0.785766, 0.822895, 0.866407, 1.032751, 1.088931, ]
	 CI UB in the last trial: [0.307218, 0.413431, 0.293983, 0.335330, 0.472597, 0.835174, 0.443248, 0.602053, 0.754022, 0.666674, 1.069514, 1.021337, 0.831735, 1.120465, 0.834343, 1.093013, 0.982643, 1.072312, 1.422957, 1.439699, ]
	 CI LB in the last trial: [-0.194560, -0.135019, -0.209604, -0.080755, -0.093307, -0.362604, 0.144784, 0.237904, 0.081677, 0.231132, -0.119941, 0.013401, 0.485889, 0.159623, 0.636959, 0.478520, 0.663147, 0.660502, 0.642545, 0.738163, ]
----->
	 Cov Rate: 0.9408 	 (0.23599864406390142) 	Avg Len: 0.049442102512843984 	 (2.385484062835616e-05) 
	 d: 20 	 n: 10000 	 R: 10 	 eta_0: 0.1 	 alpha: 0.501 	 # Trials: 500
	 True solution:           [0.000000, 0.052632, 0.105263, 0.157895, 0.210526, 0.263158, 0.315789, 0.368421, 0.421053, 0.473684, 0.526316, 0.578947, 0.631579, 0.684211, 0.736842, 0.789474, 0.842105, 0.894737, 0.947368, 1.000000, ]
	 center in last trial:    [0.008915, 0.068261, 0.102538, 0.153714, 0.210481, 0.254562, 0.304721, 0.373320, 0.437905, 0.464956, 0.520184, 0.583191, 0.636434, 0.683275, 0.770340, 0.784678, 0.839858, 0.900040, 0.951787, 0.999435, ]
	 CI UB in the last trial: [0.036260, 0.108654, 0.161932, 0.209697, 0.281970, 0.290584, 0.344106, 0.445273, 0.482358, 0.511942, 0.581463, 0.618402, 0.687156, 0.734796, 0.806603, 0.829870, 0.890887, 0.951920, 1.000668, 1.064972, ]
	 CI LB in the last trial: [-0.018430, 0.027868, 0.043145, 0.097731, 0.138992, 0.218539, 0.265335, 0.301367, 0.393452, 0.417970, 0.458904, 0.547979, 0.585712, 0.631754, 0.734076, 0.739487, 0.788830, 0.848161, 0.902907, 0.933898, ]
----->
	 Cov Rate: 0.8612 	 (0.3457377040474469) 	Avg Len: 0.0572049767291158 	 (2.770790026699854e-05) 
	 d: 20 	 n: 10000 	 R: 10 	 eta_0: 0.05 	 alpha: 0.501 	 # Trials: 500
	 True solution:           [0.000000, 0.052632, 0.105263, 0.157895, 0.210526, 0.263158, 0.315789, 0.368421, 0.421053, 0.473684, 0.526316, 0.578947, 0.631579, 0.684211, 0.736842, 0.789474, 0.842105, 0.894737, 0.947368, 1.000000, ]
	 center in last trial:    [0.003890, 0.077095, 0.099896, 0.155142, 0.214024, 0.256562, 0.299486, 0.366709, 0.435188, 0.453406, 0.514146, 0.575286, 0.625769, 0.674555, 0.766927, 0.772696, 0.833059, 0.886580, 0.938458, 0.980231, ]
	 CI UB in the last trial: [0.044709, 0.125487, 0.174760, 0.219994, 0.298760, 0.300200, 0.342235, 0.444600, 0.485325, 0.509635, 0.571115, 0.609276, 0.690185, 0.732319, 0.814125, 0.819637, 0.898118, 0.939123, 0.987230, 1.050990, ]
	 CI LB in the last trial: [-0.036929, 0.028702, 0.025033, 0.090291, 0.129288, 0.212923, 0.256738, 0.288818, 0.385052, 0.397177, 0.457177, 0.541296, 0.561353, 0.616790, 0.719730, 0.725756, 0.767999, 0.834036, 0.889685, 0.909472, ]
----->
	 Cov Rate: 0.1908 	 (0.3929317497988678) 	Avg Len: 0.10999595996652733 	 (5.3693220168012615e-05) 
	 d: 20 	 n: 10000 	 R: 10 	 eta_0: 0.01 	 alpha: 0.501 	 # Trials: 500
	 True solution:           [0.000000, 0.052632, 0.105263, 0.157895, 0.210526, 0.263158, 0.315789, 0.368421, 0.421053, 0.473684, 0.526316, 0.578947, 0.631579, 0.684211, 0.736842, 0.789474, 0.842105, 0.894737, 0.947368, 1.000000, ]
	 center in last trial:    [-0.006650, 0.101785, 0.067202, 0.115970, 0.175649, 0.203316, 0.217593, 0.269870, 0.324967, 0.316126, 0.364761, 0.403478, 0.450398, 0.478783, 0.574310, 0.554165, 0.623917, 0.627036, 0.671476, 0.685245, ]
	 CI UB in the last trial: [0.110245, 0.214221, 0.212686, 0.249233, 0.307788, 0.302669, 0.317854, 0.371392, 0.442660, 0.411275, 0.423368, 0.470528, 0.586532, 0.554707, 0.675165, 0.657261, 0.753928, 0.742996, 0.747604, 0.799609, ]
	 CI LB in the last trial: [-0.123545, -0.010651, -0.078282, -0.017293, 0.043509, 0.103962, 0.117333, 0.168347, 0.207275, 0.220977, 0.306154, 0.336428, 0.314264, 0.402858, 0.473456, 0.451069, 0.493907, 0.511076, 0.595348, 0.570880, ]
