----->
	 Cov Rate: 0.9996 	 (0.01999599959991998) 	Avg Len: 273.8467761382195 	 (4.756978042358471) 
	 d: 20 	 n: 10000 	 B: 3 	 eta_0: 0.5 	 alpha: 0.501 	 # Trials: 500
	 True solution:           [0.000000, 0.052632, 0.105263, 0.157895, 0.210526, 0.263158, 0.315789, 0.368421, 0.421053, 0.473684, 0.526316, 0.578947, 0.631579, 0.684211, 0.736842, 0.789474, 0.842105, 0.894737, 0.947368, 1.000000, ]
	 center in last trial:    [-0.039723, 0.082329, 0.093664, 0.130411, 0.302600, 0.236080, 0.270417, 0.332499, 0.425719, 0.536130, 0.446799, 0.646520, 0.563024, 0.718613, 0.749414, 0.709970, 0.797503, 0.989961, 0.901232, 1.025639, ]
	 CI UB in the last trial: [137.424835, 50.717518, 59.965184, 107.543521, 44.970176, 69.424216, 172.752430, 234.821904, 155.297318, 93.035972, 111.632424, 44.703687, 58.132382, 48.218707, 147.094072, 46.295673, 198.470829, 65.268734, 139.143720, 126.065687, ]
	 CI LB in the last trial: [-137.504280, -50.552860, -59.777856, -107.282698, -44.364976, -68.952056, -172.211595, -234.156906, -154.445880, -91.963711, -110.738826, -43.410646, -57.006334, -46.781481, -145.595244, -44.875733, -196.875822, -63.288812, -137.341256, -124.014409, ]
----->
	 Cov Rate: 0.9661 	 (0.18097179338228375) 	Avg Len: 0.1384978355526485 	 (0.00023696911277150672) 
	 d: 20 	 n: 10000 	 B: 3 	 eta_0: 0.1 	 alpha: 0.501 	 # Trials: 500
	 True solution:           [0.000000, 0.052632, 0.105263, 0.157895, 0.210526, 0.263158, 0.315789, 0.368421, 0.421053, 0.473684, 0.526316, 0.578947, 0.631579, 0.684211, 0.736842, 0.789474, 0.842105, 0.894737, 0.947368, 1.000000, ]
	 center in last trial:    [-0.011505, 0.053562, 0.119478, 0.118195, 0.232822, 0.257499, 0.303356, 0.378106, 0.423351, 0.474461, 0.524039, 0.595927, 0.600895, 0.677236, 0.731788, 0.781565, 0.830007, 0.931380, 0.917251, 1.019800, ]
	 CI UB in the last trial: [0.049639, 0.132603, 0.235330, 0.218827, 0.332040, 0.360745, 0.398173, 0.510527, 0.559913, 0.540304, 0.635470, 0.764357, 0.746566, 0.743733, 0.796981, 0.887291, 0.885472, 1.073420, 1.007279, 1.131942, ]
	 CI LB in the last trial: [-0.072650, -0.025480, 0.003626, 0.017563, 0.133604, 0.154253, 0.208540, 0.245685, 0.286789, 0.408619, 0.412609, 0.427498, 0.455224, 0.610738, 0.666596, 0.675839, 0.774541, 0.789340, 0.827223, 0.907659, ]
----->
	 Cov Rate: 0.9539 	 (0.20970166904438312) 	Avg Len: 0.155987588705499 	 (0.0002092779943356785) 
	 d: 20 	 n: 10000 	 B: 3 	 eta_0: 0.05 	 alpha: 0.501 	 # Trials: 500
	 True solution:           [0.000000, 0.052632, 0.105263, 0.157895, 0.210526, 0.263158, 0.315789, 0.368421, 0.421053, 0.473684, 0.526316, 0.578947, 0.631579, 0.684211, 0.736842, 0.789474, 0.842105, 0.894737, 0.947368, 1.000000, ]
	 center in last trial:    [-0.014508, 0.048933, 0.131886, 0.109011, 0.234482, 0.258281, 0.301015, 0.372372, 0.427757, 0.477812, 0.533720, 0.579208, 0.605135, 0.672048, 0.723846, 0.798874, 0.820281, 0.935062, 0.902627, 1.017948, ]
	 CI UB in the last trial: [0.076375, 0.118495, 0.284535, 0.231261, 0.318168, 0.345131, 0.406723, 0.489557, 0.601636, 0.570561, 0.632628, 0.792478, 0.800289, 0.763021, 0.793478, 0.854056, 0.892312, 1.045040, 0.995276, 1.188984, ]
	 CI LB in the last trial: [-0.105391, -0.020630, -0.020763, -0.013238, 0.150797, 0.171431, 0.195307, 0.255187, 0.253877, 0.385063, 0.434813, 0.365939, 0.409981, 0.581074, 0.654215, 0.743692, 0.748250, 0.825084, 0.809978, 0.846912, ]
----->
	 Cov Rate: 0.8226 	 (0.38200685857717265) 	Avg Len: 0.18318895267045474 	 (0.00020664209947831162) 
	 d: 20 	 n: 10000 	 B: 3 	 eta_0: 0.01 	 alpha: 0.501 	 # Trials: 500
	 True solution:           [0.000000, 0.052632, 0.105263, 0.157895, 0.210526, 0.263158, 0.315789, 0.368421, 0.421053, 0.473684, 0.526316, 0.578947, 0.631579, 0.684211, 0.736842, 0.789474, 0.842105, 0.894737, 0.947368, 1.000000, ]
	 center in last trial:    [-0.025067, 0.048477, 0.128839, 0.130897, 0.224160, 0.233104, 0.253005, 0.344300, 0.419627, 0.483841, 0.518625, 0.501987, 0.567300, 0.612589, 0.686743, 0.780355, 0.796687, 0.876148, 0.832463, 0.842526, ]
	 CI UB in the last trial: [0.170453, 0.160538, 0.369099, 0.274042, 0.376097, 0.346547, 0.442693, 0.460662, 0.691808, 0.584075, 0.593907, 0.658184, 0.817466, 0.774984, 0.857783, 0.893671, 0.874342, 0.978383, 0.926450, 1.039979, ]
	 CI LB in the last trial: [-0.220587, -0.063585, -0.111420, -0.012248, 0.072222, 0.119661, 0.063317, 0.227938, 0.147446, 0.383606, 0.443343, 0.345791, 0.317134, 0.450194, 0.515703, 0.667039, 0.719031, 0.773914, 0.738476, 0.645073, ]
----->
	 Cov Rate: 0.9999 	 (0.009999499987499378) 	Avg Len: 567.8473046024873 	 (7.926683201017908) 
	 d: 20 	 n: 3333 	 B: 3 	 eta_0: 0.5 	 alpha: 0.501 	 # Trials: 500
	 True solution:           [0.000000, 0.052632, 0.105263, 0.157895, 0.210526, 0.263158, 0.315789, 0.368421, 0.421053, 0.473684, 0.526316, 0.578947, 0.631579, 0.684211, 0.736842, 0.789474, 0.842105, 0.894737, 0.947368, 1.000000, ]
	 center in last trial:    [-0.116699, 0.063429, 0.246939, 0.042756, 0.334209, 0.257440, 0.307954, 0.154027, 0.548363, 0.554823, 0.382604, 0.639981, 0.511285, 0.841166, 0.711832, 0.626010, 1.037340, 0.889686, 0.802327, 1.114381, ]
	 CI UB in the last trial: [12.741971, 5.969631, 11.276385, 8.392625, 27.303537, 42.734774, 50.805368, 5.855400, 6.994300, 14.067598, 16.174808, 31.041458, 20.767101, 14.251715, 24.164149, 34.648946, 16.567244, 8.664553, 49.503859, 33.237696, ]
	 CI LB in the last trial: [-12.975370, -5.842773, -10.782507, -8.307113, -26.635119, -42.219895, -50.189461, -5.547346, -5.897574, -12.957952, -15.409599, -29.761496, -19.744531, -12.569383, -22.740485, -33.396927, -14.492565, -6.885182, -47.899204, -31.008933, ]
----->
	 Cov Rate: 0.973 	 (0.16208331191088118) 	Avg Len: 0.33311118239852194 	 (0.0005315753648914023) 
	 d: 20 	 n: 3333 	 B: 3 	 eta_0: 0.1 	 alpha: 0.501 	 # Trials: 500
	 True solution:           [0.000000, 0.052632, 0.105263, 0.157895, 0.210526, 0.263158, 0.315789, 0.368421, 0.421053, 0.473684, 0.526316, 0.578947, 0.631579, 0.684211, 0.736842, 0.789474, 0.842105, 0.894737, 0.947368, 1.000000, ]
	 center in last trial:    [-0.038746, 0.092222, 0.143170, 0.110141, 0.229452, 0.270462, 0.316551, 0.381995, 0.455830, 0.501366, 0.488457, 0.613601, 0.595673, 0.697333, 0.715692, 0.808784, 0.835964, 0.937967, 0.924452, 0.981212, ]
	 CI UB in the last trial: [0.176149, 0.393026, 0.387287, 0.390920, 0.476146, 0.473091, 0.618754, 0.564226, 0.523006, 0.677229, 0.730142, 0.699102, 0.788896, 0.924668, 0.949293, 0.950190, 1.102644, 1.335477, 1.279529, 1.243624, ]
	 CI LB in the last trial: [-0.253641, -0.208581, -0.100947, -0.170638, -0.017241, 0.067833, 0.014348, 0.199765, 0.388653, 0.325503, 0.246772, 0.528100, 0.402451, 0.469998, 0.482092, 0.667379, 0.569284, 0.540457, 0.569375, 0.718800, ]
----->
	 Cov Rate: 0.9542 	 (0.20905109423296497) 	Avg Len: 0.31887594565909455 	 (0.00040250122276563167) 
	 d: 20 	 n: 3333 	 B: 3 	 eta_0: 0.05 	 alpha: 0.501 	 # Trials: 500
	 True solution:           [0.000000, 0.052632, 0.105263, 0.157895, 0.210526, 0.263158, 0.315789, 0.368421, 0.421053, 0.473684, 0.526316, 0.578947, 0.631579, 0.684211, 0.736842, 0.789474, 0.842105, 0.894737, 0.947368, 1.000000, ]
	 center in last trial:    [-0.049360, 0.084514, 0.156804, 0.123495, 0.225722, 0.258670, 0.296485, 0.377363, 0.471473, 0.506663, 0.499607, 0.585936, 0.598070, 0.682117, 0.703764, 0.834395, 0.817506, 0.940608, 0.910339, 0.952576, ]
	 CI UB in the last trial: [0.103717, 0.319405, 0.377939, 0.351891, 0.414226, 0.386394, 0.592314, 0.644941, 0.569913, 0.780669, 0.711943, 0.710257, 0.752945, 0.919955, 1.013766, 0.989126, 1.139983, 1.311434, 1.361039, 1.314259, ]
	 CI LB in the last trial: [-0.202438, -0.150376, -0.064332, -0.104901, 0.037218, 0.130946, 0.000656, 0.109784, 0.373033, 0.232657, 0.287271, 0.461614, 0.443195, 0.444280, 0.393762, 0.679663, 0.495030, 0.569782, 0.459640, 0.590894, ]
----->
	 Cov Rate: 0.6654 	 (0.4718504424073374) 	Avg Len: 0.25386411569317446 	 (0.00027190839445241665) 
	 d: 20 	 n: 3333 	 B: 3 	 eta_0: 0.01 	 alpha: 0.501 	 # Trials: 500
	 True solution:           [0.000000, 0.052632, 0.105263, 0.157895, 0.210526, 0.263158, 0.315789, 0.368421, 0.421053, 0.473684, 0.526316, 0.578947, 0.631579, 0.684211, 0.736842, 0.789474, 0.842105, 0.894737, 0.947368, 1.000000, ]
	 center in last trial:    [-0.033228, 0.067849, 0.140123, 0.165177, 0.199360, 0.183547, 0.200713, 0.312897, 0.416382, 0.461352, 0.452260, 0.441581, 0.492270, 0.546120, 0.609214, 0.716978, 0.727288, 0.784796, 0.727611, 0.662573, ]
	 CI UB in the last trial: [0.024376, 0.162543, 0.328382, 0.439031, 0.238955, 0.350032, 0.420517, 0.473177, 0.586674, 0.816880, 0.622981, 0.724962, 0.610641, 0.690268, 0.802677, 1.014500, 1.059028, 1.129206, 1.055624, 1.029004, ]
	 CI LB in the last trial: [-0.090831, -0.026845, -0.048137, -0.108678, 0.159766, 0.017063, -0.019090, 0.152617, 0.246090, 0.105824, 0.281539, 0.158200, 0.373898, 0.401971, 0.415750, 0.419456, 0.395547, 0.440385, 0.399598, 0.296141, ]
