----->
	 Cov Rate: 0.9949 	 (0.07123194508084137) 	Avg Len: 10.29458497546898 	 (0.05770896999644845) 
	 d: 20 	 n: 3333 	 B: 3 	 eta_0: 0.5 	 alpha: 0.501 	 # Trials: 500
	 True solution:           [0.000000, 0.052632, 0.105263, 0.157895, 0.210526, 0.263158, 0.315789, 0.368421, 0.421053, 0.473684, 0.526316, 0.578947, 0.631579, 0.684211, 0.736842, 0.789474, 0.842105, 0.894737, 0.947368, 1.000000, ]
	 center in last trial:    [-0.181341, 0.360861, -0.071340, -0.060512, 0.679963, 0.177754, 0.363000, 0.333581, 0.801643, 0.244409, 0.777852, 0.372779, 0.677449, 0.603123, 0.905305, 0.867946, 0.936387, 0.772478, 0.982422, 0.905864, ]
	 CI UB in the last trial: [3.377169, 1.319911, 1.600699, 1.676211, 2.045786, 1.891834, 4.783140, 3.482246, 3.727234, 1.293070, 3.787194, 4.844256, 1.422463, 2.062026, 6.026323, 4.273448, 1.915680, 4.879516, 1.937566, 1.751519, ]
	 CI LB in the last trial: [-3.739851, -0.598190, -1.743380, -1.797234, -0.685860, -1.536326, -4.057140, -2.815085, -2.123949, -0.804251, -2.231490, -4.098698, -0.067565, -0.855781, -4.215712, -2.537556, -0.042907, -3.334560, 0.027278, 0.060209, ]
----->
	 Cov Rate: 0.9818 	 (0.13367408125736266) 	Avg Len: 0.32216303603076646 	 (0.0003717435990809199) 
	 d: 20 	 n: 3333 	 B: 3 	 eta_0: 0.1 	 alpha: 0.501 	 # Trials: 500
	 True solution:           [0.000000, 0.052632, 0.105263, 0.157895, 0.210526, 0.263158, 0.315789, 0.368421, 0.421053, 0.473684, 0.526316, 0.578947, 0.631579, 0.684211, 0.736842, 0.789474, 0.842105, 0.894737, 0.947368, 1.000000, ]
	 center in last trial:    [0.012233, 0.018160, 0.130855, 0.136674, 0.243892, 0.260692, 0.298275, 0.338996, 0.443168, 0.514178, 0.477871, 0.591112, 0.599958, 0.696693, 0.729641, 0.796222, 0.832852, 0.885717, 0.967131, 0.964544, ]
	 CI UB in the last trial: [0.383616, 0.432890, 0.272374, 0.195234, 0.560276, 0.493059, 0.475439, 0.653645, 0.751895, 0.722518, 0.857206, 0.990825, 0.881311, 1.168774, 0.931355, 1.018841, 0.969847, 1.429709, 1.863157, 1.617807, ]
	 CI LB in the last trial: [-0.359150, -0.396569, -0.010663, 0.078114, -0.072491, 0.028325, 0.121110, 0.024348, 0.134440, 0.305837, 0.098535, 0.191399, 0.318606, 0.224612, 0.527927, 0.573603, 0.695857, 0.341725, 0.071105, 0.311282, ]
----->
	 Cov Rate: 0.9809 	 (0.13687655021953177) 	Avg Len: 0.39078268630318946 	 (0.00042505674608103673) 
	 d: 20 	 n: 3333 	 B: 3 	 eta_0: 0.05 	 alpha: 0.501 	 # Trials: 500
	 True solution:           [0.000000, 0.052632, 0.105263, 0.157895, 0.210526, 0.263158, 0.315789, 0.368421, 0.421053, 0.473684, 0.526316, 0.578947, 0.631579, 0.684211, 0.736842, 0.789474, 0.842105, 0.894737, 0.947368, 1.000000, ]
	 center in last trial:    [-0.005662, 0.039053, 0.112789, 0.153147, 0.249026, 0.250830, 0.277913, 0.350664, 0.439312, 0.520808, 0.478156, 0.565918, 0.603824, 0.680670, 0.721192, 0.806804, 0.819107, 0.890597, 0.957135, 0.939941, ]
	 CI UB in the last trial: [0.478102, 0.660091, 0.432646, 0.352937, 0.571731, 0.336767, 0.537090, 0.595653, 0.745075, 0.684417, 0.796782, 0.992609, 0.873876, 1.389921, 1.003394, 1.330422, 0.951512, 1.660822, 2.114814, 1.741434, ]
	 CI LB in the last trial: [-0.489426, -0.581985, -0.207068, -0.046643, -0.073678, 0.164892, 0.018735, 0.105675, 0.133549, 0.357198, 0.159530, 0.139227, 0.333773, -0.028582, 0.438990, 0.283186, 0.686703, 0.120372, -0.200544, 0.138449, ]
----->
	 Cov Rate: 0.7789 	 (0.41498769861286244) 	Avg Len: 0.3417146083120925 	 (0.0003648537811776098) 
	 d: 20 	 n: 3333 	 B: 3 	 eta_0: 0.01 	 alpha: 0.501 	 # Trials: 500
	 True solution:           [0.000000, 0.052632, 0.105263, 0.157895, 0.210526, 0.263158, 0.315789, 0.368421, 0.421053, 0.473684, 0.526316, 0.578947, 0.631579, 0.684211, 0.736842, 0.789474, 0.842105, 0.894737, 0.947368, 1.000000, ]
	 center in last trial:    [-0.009836, 0.048769, 0.101583, 0.162151, 0.209855, 0.202920, 0.215590, 0.304109, 0.374812, 0.444741, 0.430493, 0.443380, 0.506654, 0.555861, 0.622267, 0.690989, 0.720064, 0.761850, 0.744240, 0.669064, ]
	 CI UB in the last trial: [0.371343, 0.574809, 0.124123, 0.229995, 0.438760, 0.387082, 0.625561, 0.627047, 0.685835, 0.605071, 0.633885, 0.786520, 0.906288, 1.077993, 0.762648, 1.237471, 1.352392, 1.312785, 1.348200, 1.385999, ]
	 CI LB in the last trial: [-0.391015, -0.477270, 0.079042, 0.094308, -0.019050, 0.018759, -0.194380, -0.018829, 0.063789, 0.284411, 0.227100, 0.100240, 0.107020, 0.033729, 0.481885, 0.144508, 0.087736, 0.210916, 0.140280, -0.047871, ]
----->
	 Cov Rate: 0.9938 	 (0.07849560497250785) 	Avg Len: 3.411565676359069 	 (0.018528068375788374) 
	 d: 20 	 n: 10000 	 B: 3 	 eta_0: 0.5 	 alpha: 0.501 	 # Trials: 500
	 True solution:           [0.000000, 0.052632, 0.105263, 0.157895, 0.210526, 0.263158, 0.315789, 0.368421, 0.421053, 0.473684, 0.526316, 0.578947, 0.631579, 0.684211, 0.736842, 0.789474, 0.842105, 0.894737, 0.947368, 1.000000, ]
	 center in last trial:    [-0.030877, 0.123745, 0.091101, 0.098226, 0.329303, 0.263150, 0.332444, 0.322175, 0.551536, 0.402314, 0.620456, 0.505919, 0.661601, 0.638252, 0.814010, 0.806583, 0.882570, 0.806190, 0.973472, 1.006793, ]
	 CI UB in the last trial: [1.384737, 0.993918, 0.496457, 0.984207, 1.310029, 0.815423, 1.797433, 0.812374, 1.670970, 1.240539, 1.672566, 2.220668, 1.047306, 1.002977, 2.786973, 2.127665, 1.256441, 2.195506, 1.294231, 1.132320, ]
	 CI LB in the last trial: [-1.446490, -0.746427, -0.314254, -0.787754, -0.651423, -0.289124, -1.132545, -0.168023, -0.567899, -0.435910, -0.431654, -1.208830, 0.275896, 0.273527, -1.158954, -0.514499, 0.508699, -0.583126, 0.652712, 0.881265, ]
----->
	 Cov Rate: 0.9841 	 (0.12508872850900676) 	Avg Len: 0.1422792350498285 	 (0.00015677158621253773) 
	 d: 20 	 n: 10000 	 B: 3 	 eta_0: 0.1 	 alpha: 0.501 	 # Trials: 500
	 True solution:           [0.000000, 0.052632, 0.105263, 0.157895, 0.210526, 0.263158, 0.315789, 0.368421, 0.421053, 0.473684, 0.526316, 0.578947, 0.631579, 0.684211, 0.736842, 0.789474, 0.842105, 0.894737, 0.947368, 1.000000, ]
	 center in last trial:    [0.002633, 0.044791, 0.107362, 0.149927, 0.215068, 0.272273, 0.300130, 0.368771, 0.431535, 0.478847, 0.516200, 0.578209, 0.633058, 0.676106, 0.745933, 0.788127, 0.832064, 0.898799, 0.947709, 1.001660, ]
	 CI UB in the last trial: [0.133392, 0.172511, 0.201708, 0.213773, 0.311632, 0.417754, 0.384492, 0.575895, 0.619568, 0.563991, 0.642451, 0.660296, 0.704267, 0.718532, 0.915898, 0.828991, 0.961152, 1.059507, 1.072281, 1.166563, ]
	 CI LB in the last trial: [-0.128125, -0.082928, 0.013016, 0.086080, 0.118504, 0.126791, 0.215769, 0.161647, 0.243502, 0.393704, 0.389948, 0.496121, 0.561849, 0.633679, 0.575968, 0.747262, 0.702977, 0.738091, 0.823136, 0.836758, ]
----->
	 Cov Rate: 0.9826 	 (0.13075641475659996) 	Avg Len: 0.1913917597691109 	 (0.0002083123587452359) 
	 d: 20 	 n: 10000 	 B: 3 	 eta_0: 0.05 	 alpha: 0.501 	 # Trials: 500
	 True solution:           [0.000000, 0.052632, 0.105263, 0.157895, 0.210526, 0.263158, 0.315789, 0.368421, 0.421053, 0.473684, 0.526316, 0.578947, 0.631579, 0.684211, 0.736842, 0.789474, 0.842105, 0.894737, 0.947368, 1.000000, ]
	 center in last trial:    [-0.002382, 0.051710, 0.101139, 0.154297, 0.218263, 0.268524, 0.291830, 0.372316, 0.429786, 0.479358, 0.519247, 0.570669, 0.633999, 0.669275, 0.743464, 0.791525, 0.825790, 0.901958, 0.944432, 0.993533, ]
	 CI UB in the last trial: [0.176988, 0.294179, 0.321478, 0.287980, 0.297878, 0.346080, 0.415047, 0.564813, 0.693803, 0.590458, 0.614192, 0.622833, 0.848178, 0.842052, 0.897680, 0.927498, 1.025520, 1.239199, 1.240600, 1.192579, ]
	 CI LB in the last trial: [-0.181753, -0.190759, -0.119201, 0.020614, 0.138648, 0.190968, 0.168613, 0.179819, 0.165769, 0.368259, 0.424303, 0.518505, 0.419821, 0.496499, 0.589247, 0.655551, 0.626060, 0.564718, 0.648264, 0.794487, ]
----->
	 Cov Rate: 0.8965 	 (0.3046108172734514) 	Avg Len: 0.24673348866673073 	 (0.00026321309783892694) 
	 d: 20 	 n: 10000 	 B: 3 	 eta_0: 0.01 	 alpha: 0.501 	 # Trials: 500
	 True solution:           [0.000000, 0.052632, 0.105263, 0.157895, 0.210526, 0.263158, 0.315789, 0.368421, 0.421053, 0.473684, 0.526316, 0.578947, 0.631579, 0.684211, 0.736842, 0.789474, 0.842105, 0.894737, 0.947368, 1.000000, ]
	 center in last trial:    [-0.004348, 0.054981, 0.094926, 0.159871, 0.215724, 0.243387, 0.258520, 0.349977, 0.404157, 0.464888, 0.502249, 0.518579, 0.592651, 0.619962, 0.697278, 0.753744, 0.795364, 0.860258, 0.863293, 0.832452, ]
	 CI UB in the last trial: [0.099957, 0.331960, 0.184037, 0.237727, 0.323837, 0.355635, 0.502811, 0.458415, 0.745664, 0.688096, 0.645777, 0.657163, 1.037370, 1.038709, 0.897316, 1.042151, 1.296517, 1.273791, 1.188529, 1.164982, ]
	 CI LB in the last trial: [-0.108653, -0.221999, 0.005815, 0.082015, 0.107611, 0.131140, 0.014228, 0.241539, 0.062651, 0.241680, 0.358721, 0.379996, 0.147932, 0.201215, 0.497240, 0.465338, 0.294212, 0.446725, 0.538057, 0.499921, ]
