----->
	 Cov Rate: 0.9999 	 (0.009999499987499376) 	Avg Len: 19.82251353716607 	 (0.28959240770569106) 
	 d: 20 	 n: 100000 	 B: 10 	 eta_0: 0.5 	 alpha: 0.501 	 # Trials: 500
	 True solution:           [0.000000, 0.052632, 0.105263, 0.157895, 0.210526, 0.263158, 0.315789, 0.368421, 0.421053, 0.473684, 0.526316, 0.578947, 0.631579, 0.684211, 0.736842, 0.789474, 0.842105, 0.894737, 0.947368, 1.000000, ]
	 center in last trial:    [-0.004101, 0.061408, 0.105523, 0.151163, 0.212553, 0.255830, 0.318466, 0.370183, 0.426371, 0.463367, 0.520352, 0.584677, 0.632006, 0.680765, 0.732252, 0.793308, 0.837969, 0.891364, 0.941236, 1.009345, ]
	 CI UB in the last trial: [2.502486, 0.889504, 1.031210, 3.193082, 2.335104, 1.065416, 1.947767, 0.833138, 3.624954, 1.952045, 4.787190, 2.671141, 1.169994, 3.472964, 2.382034, 7.462812, 1.901148, 1.770441, 2.559167, 2.665824, ]
	 CI LB in the last trial: [-2.510688, -0.766688, -0.820164, -2.890756, -1.909997, -0.553755, -1.310836, -0.092773, -2.772212, -1.025311, -3.746486, -1.501786, 0.094019, -2.111435, -0.917529, -5.876197, -0.225211, 0.012287, -0.676695, -0.647135, ]
----->
	 Cov Rate: 0.9278 	 (0.2588187782986389) 	Avg Len: 0.014545710748294366 	 (8.943875873587126e-06) 
	 d: 20 	 n: 100000 	 B: 10 	 eta_0: 0.1 	 alpha: 0.501 	 # Trials: 500
	 True solution:           [0.000000, 0.052632, 0.105263, 0.157895, 0.210526, 0.263158, 0.315789, 0.368421, 0.421053, 0.473684, 0.526316, 0.578947, 0.631579, 0.684211, 0.736842, 0.789474, 0.842105, 0.894737, 0.947368, 1.000000, ]
	 center in last trial:    [-0.002492, 0.053657, 0.109070, 0.153615, 0.211739, 0.258862, 0.316505, 0.370647, 0.422939, 0.466812, 0.524204, 0.581509, 0.629801, 0.683611, 0.735221, 0.788739, 0.845845, 0.892769, 0.944082, 1.001843, ]
	 CI UB in the last trial: [0.014722, 0.072199, 0.128284, 0.166409, 0.232367, 0.275936, 0.333157, 0.385926, 0.435731, 0.475830, 0.541567, 0.596950, 0.646400, 0.701576, 0.753915, 0.801106, 0.854233, 0.906235, 0.958070, 1.013237, ]
	 CI LB in the last trial: [-0.019707, 0.035114, 0.089856, 0.140822, 0.191111, 0.241787, 0.299854, 0.355368, 0.410147, 0.457794, 0.506842, 0.566068, 0.613202, 0.665645, 0.716527, 0.776372, 0.837457, 0.879303, 0.930093, 0.990449, ]
----->
	 Cov Rate: 0.916 	 (0.2773878151613729) 	Avg Len: 0.014865499866757325 	 (8.009746589551067e-06) 
	 d: 20 	 n: 100000 	 B: 10 	 eta_0: 0.05 	 alpha: 0.501 	 # Trials: 500
	 True solution:           [0.000000, 0.052632, 0.105263, 0.157895, 0.210526, 0.263158, 0.315789, 0.368421, 0.421053, 0.473684, 0.526316, 0.578947, 0.631579, 0.684211, 0.736842, 0.789474, 0.842105, 0.894737, 0.947368, 1.000000, ]
	 center in last trial:    [-0.001443, 0.054325, 0.109122, 0.153702, 0.213219, 0.260628, 0.317592, 0.370920, 0.422738, 0.468002, 0.523869, 0.580575, 0.629970, 0.684679, 0.733541, 0.786916, 0.845334, 0.892109, 0.942500, 1.000299, ]
	 CI UB in the last trial: [0.015625, 0.068638, 0.128499, 0.166209, 0.232704, 0.279988, 0.336526, 0.386936, 0.437901, 0.478349, 0.540670, 0.597609, 0.645857, 0.702672, 0.752853, 0.795889, 0.853585, 0.906516, 0.953573, 1.011899, ]
	 CI LB in the last trial: [-0.018510, 0.040013, 0.089745, 0.141195, 0.193735, 0.241268, 0.298658, 0.354904, 0.407575, 0.457655, 0.507069, 0.563541, 0.614083, 0.666687, 0.714230, 0.777942, 0.837083, 0.877703, 0.931427, 0.988698, ]
----->
	 Cov Rate: 0.3707 	 (0.48299224631457593) 	Avg Len: 0.030152957829110295 	 (2.1738625931474296e-05) 
	 d: 20 	 n: 100000 	 B: 10 	 eta_0: 0.01 	 alpha: 0.501 	 # Trials: 500
	 True solution:           [0.000000, 0.052632, 0.105263, 0.157895, 0.210526, 0.263158, 0.315789, 0.368421, 0.421053, 0.473684, 0.526316, 0.578947, 0.631579, 0.684211, 0.736842, 0.789474, 0.842105, 0.894737, 0.947368, 1.000000, ]
	 center in last trial:    [0.036738, 0.088159, 0.128506, 0.175972, 0.241924, 0.290241, 0.334978, 0.378423, 0.420617, 0.475188, 0.517702, 0.571849, 0.618558, 0.673853, 0.705215, 0.756049, 0.821318, 0.864968, 0.905334, 0.957584, ]
	 CI UB in the last trial: [0.071959, 0.111349, 0.154449, 0.193136, 0.263921, 0.332308, 0.389224, 0.411328, 0.459191, 0.511486, 0.546136, 0.601688, 0.644797, 0.700229, 0.728407, 0.780901, 0.841364, 0.892967, 0.937519, 0.987401, ]
	 CI LB in the last trial: [0.001517, 0.064969, 0.102563, 0.158808, 0.219928, 0.248174, 0.280731, 0.345517, 0.382044, 0.438890, 0.489269, 0.542011, 0.592319, 0.647478, 0.682023, 0.731198, 0.801272, 0.836970, 0.873149, 0.927767, ]
