----->
	 Cov Rate: 0.94802 	 (0.22198666536528724) 	Avg Len: 0.2222407760224435 	 (0.0002324683186296528) 
	 d: 100 	 n: 100000 	 R: 3 	 eta_0: 0.5 	 alpha: 0.501 	 # Trials: 500
	 True solution:           [0.000000, 0.010101, 0.020202, 0.030303, 0.040404, 0.050505, 0.060606, 0.070707, 0.080808, 0.090909, 0.101010, 0.111111, 0.121212, 0.131313, 0.141414, 0.151515, 0.161616, 0.171717, 0.181818, 0.191919, 0.202020, 0.212121, 0.222222, 0.232323, 0.242424, 0.252525, 0.262626, 0.272727, 0.282828, 0.292929, 0.303030, 0.313131, 0.323232, 0.333333, 0.343434, 0.353535, 0.363636, 0.373737, 0.383838, 0.393939, 0.404040, 0.414141, 0.424242, 0.434343, 0.444444, 0.454545, 0.464646, 0.474747, 0.484848, 0.494949, 0.505051, 0.515152, 0.525253, 0.535354, 0.545455, 0.555556, 0.565657, 0.575758, 0.585859, 0.595960, 0.606061, 0.616162, 0.626263, 0.636364, 0.646465, 0.656566, 0.666667, 0.676768, 0.686869, 0.696970, 0.707071, 0.717172, 0.727273, 0.737374, 0.747475, 0.757576, 0.767677, 0.777778, 0.787879, 0.797980, 0.808081, 0.818182, 0.828283, 0.838384, 0.848485, 0.858586, 0.868687, 0.878788, 0.888889, 0.898990, 0.909091, 0.919192, 0.929293, 0.939394, 0.949495, 0.959596, 0.969697, 0.979798, 0.989899, 1.000000, ]
	 center in last trial:    [-0.048036, 0.030763, 0.021109, 0.069835, 0.083770, 0.028807, 0.039485, 0.062379, 0.105809, 0.056602, 0.102012, 0.143560, 0.142832, 0.139121, 0.135512, 0.167989, 0.140968, 0.128870, 0.171813, 0.243380, 0.183456, 0.211215, 0.187541, 0.217105, 0.268459, 0.267414, 0.199500, 0.282020, 0.245278, 0.296378, 0.366937, 0.330500, 0.302967, 0.300063, 0.324818, 0.301119, 0.430058, 0.375121, 0.358701, 0.381670, 0.416860, 0.392816, 0.405237, 0.427777, 0.438265, 0.450234, 0.541158, 0.475706, 0.475470, 0.502552, 0.525710, 0.538731, 0.548562, 0.543064, 0.573057, 0.523637, 0.584890, 0.577710, 0.583870, 0.578449, 0.566806, 0.622991, 0.653369, 0.624578, 0.631514, 0.614908, 0.647092, 0.678839, 0.723966, 0.698682, 0.715939, 0.699849, 0.717466, 0.708255, 0.755843, 0.715766, 0.741865, 0.803780, 0.711512, 0.759379, 0.773708, 0.769689, 0.832325, 0.844206, 0.813313, 0.846197, 0.888884, 0.912504, 0.883172, 0.890236, 0.926673, 0.913709, 0.939669, 0.922087, 0.890974, 0.972013, 0.949330, 0.968363, 0.985726, 0.960233, ]
	 CI UB in the last trial: [0.020073, 0.384700, 0.204445, 0.207396, 0.391934, 0.420267, 0.327300, 0.288913, 0.481113, 0.504565, 0.343057, 0.310136, 0.286368, 0.177528, 0.254170, 0.344735, 0.415934, 0.647013, 0.277745, 0.379771, 0.305560, 0.296179, 0.779220, 0.417691, 0.615886, 0.478126, 0.499768, 0.447720, 0.509791, 0.418268, 0.665361, 0.457826, 0.329949, 0.503923, 0.662450, 0.721379, 0.628001, 0.550351, 0.703607, 0.441494, 0.623525, 0.615636, 0.570080, 0.768335, 0.758150, 0.662820, 0.906716, 0.705577, 0.728316, 0.617511, 0.789110, 0.736080, 0.914393, 0.709481, 0.909558, 0.786445, 0.875289, 0.910691, 0.842637, 0.839610, 0.679265, 0.689713, 0.977957, 0.791145, 1.039965, 0.790103, 0.750786, 0.938130, 0.858422, 0.941998, 1.095525, 0.824834, 1.007734, 0.958264, 1.046991, 0.886802, 0.860408, 0.898133, 1.195069, 0.845764, 1.106012, 0.995499, 0.980581, 1.101029, 1.170072, 1.174541, 1.271102, 1.132016, 1.176164, 0.956587, 1.285322, 0.958065, 1.157626, 0.963323, 1.261130, 1.225089, 1.295171, 1.026554, 1.172607, 1.234419, ]
	 CI LB in the last trial: [-0.116146, -0.323174, -0.162228, -0.067725, -0.224394, -0.362653, -0.248331, -0.164154, -0.269495, -0.391361, -0.139032, -0.023017, -0.000704, 0.100714, 0.016854, -0.008757, -0.133997, -0.389273, 0.065880, 0.106989, 0.061353, 0.126252, -0.404139, 0.016519, -0.078967, 0.056702, -0.100769, 0.116319, -0.019234, 0.174488, 0.068512, 0.203175, 0.275984, 0.096202, -0.012814, -0.119140, 0.232114, 0.199891, 0.013795, 0.321846, 0.210195, 0.169996, 0.240393, 0.087218, 0.118381, 0.237648, 0.175600, 0.245835, 0.222624, 0.387593, 0.262311, 0.341381, 0.182732, 0.376647, 0.236556, 0.260829, 0.294492, 0.244729, 0.325104, 0.317288, 0.454347, 0.556269, 0.328780, 0.458011, 0.223063, 0.439712, 0.543397, 0.419548, 0.589511, 0.455366, 0.336352, 0.574864, 0.427199, 0.458245, 0.464695, 0.544730, 0.623321, 0.709428, 0.227954, 0.672995, 0.441403, 0.543880, 0.684069, 0.587384, 0.456555, 0.517852, 0.506666, 0.692993, 0.590180, 0.823884, 0.568025, 0.869353, 0.721712, 0.880852, 0.520819, 0.718938, 0.603489, 0.910173, 0.798845, 0.686047, ]
----->
	 Cov Rate: 0.94942 	 (0.21913845760158124) 	Avg Len: 0.09665738509796937 	 (0.00010135914638437622) 
	 d: 100 	 n: 100000 	 R: 3 	 eta_0: 0.1 	 alpha: 0.501 	 # Trials: 500
	 True solution:           [0.000000, 0.010101, 0.020202, 0.030303, 0.040404, 0.050505, 0.060606, 0.070707, 0.080808, 0.090909, 0.101010, 0.111111, 0.121212, 0.131313, 0.141414, 0.151515, 0.161616, 0.171717, 0.181818, 0.191919, 0.202020, 0.212121, 0.222222, 0.232323, 0.242424, 0.252525, 0.262626, 0.272727, 0.282828, 0.292929, 0.303030, 0.313131, 0.323232, 0.333333, 0.343434, 0.353535, 0.363636, 0.373737, 0.383838, 0.393939, 0.404040, 0.414141, 0.424242, 0.434343, 0.444444, 0.454545, 0.464646, 0.474747, 0.484848, 0.494949, 0.505051, 0.515152, 0.525253, 0.535354, 0.545455, 0.555556, 0.565657, 0.575758, 0.585859, 0.595960, 0.606061, 0.616162, 0.626263, 0.636364, 0.646465, 0.656566, 0.666667, 0.676768, 0.686869, 0.696970, 0.707071, 0.717172, 0.727273, 0.737374, 0.747475, 0.757576, 0.767677, 0.777778, 0.787879, 0.797980, 0.808081, 0.818182, 0.828283, 0.838384, 0.848485, 0.858586, 0.868687, 0.878788, 0.888889, 0.898990, 0.909091, 0.919192, 0.929293, 0.939394, 0.949495, 0.959596, 0.969697, 0.979798, 0.989899, 1.000000, ]
	 center in last trial:    [-0.008003, 0.011829, 0.007922, 0.027912, 0.047576, 0.068171, 0.055646, 0.054721, 0.075006, 0.078405, 0.101886, 0.122634, 0.130346, 0.143054, 0.138709, 0.150285, 0.153589, 0.165110, 0.180295, 0.217371, 0.209489, 0.207340, 0.207235, 0.239553, 0.240022, 0.254720, 0.246011, 0.267338, 0.282139, 0.292075, 0.308570, 0.319898, 0.318736, 0.320683, 0.340715, 0.341741, 0.366938, 0.378522, 0.375253, 0.409755, 0.400610, 0.425235, 0.418876, 0.438534, 0.435725, 0.442317, 0.476851, 0.487996, 0.494039, 0.510598, 0.523393, 0.524802, 0.533188, 0.544073, 0.546559, 0.529924, 0.569410, 0.574234, 0.587869, 0.589820, 0.594123, 0.607845, 0.619537, 0.631242, 0.652369, 0.632100, 0.659232, 0.681346, 0.695432, 0.705334, 0.712784, 0.719199, 0.726535, 0.732749, 0.752422, 0.739610, 0.755324, 0.788749, 0.777071, 0.787588, 0.784669, 0.804926, 0.833708, 0.842494, 0.832836, 0.861847, 0.883809, 0.896960, 0.892105, 0.879030, 0.919403, 0.902873, 0.934193, 0.929674, 0.917458, 0.959199, 0.959178, 0.973158, 0.993229, 0.988126, ]
	 CI UB in the last trial: [0.094095, 0.148557, 0.056149, 0.095084, 0.174872, 0.247200, 0.111225, 0.141918, 0.244871, 0.226965, 0.284190, 0.230600, 0.168823, 0.223287, 0.173097, 0.215596, 0.341694, 0.342041, 0.356903, 0.321756, 0.368880, 0.228177, 0.403619, 0.342073, 0.304064, 0.343727, 0.356164, 0.390234, 0.348430, 0.303119, 0.442921, 0.348370, 0.395273, 0.450199, 0.431996, 0.449598, 0.394502, 0.463579, 0.544818, 0.431331, 0.492108, 0.520070, 0.472954, 0.519479, 0.575410, 0.570230, 0.605981, 0.530133, 0.602265, 0.532770, 0.611131, 0.650938, 0.630356, 0.574080, 0.649489, 0.636993, 0.679003, 0.666398, 0.630648, 0.649746, 0.697294, 0.692775, 0.646177, 0.809020, 0.744782, 0.675669, 0.761262, 0.786168, 0.810658, 0.790423, 0.794586, 0.762589, 0.814575, 0.828651, 0.867613, 0.881571, 0.929557, 0.880256, 0.972627, 0.819868, 0.934548, 0.893652, 0.922124, 0.924782, 0.943220, 0.999413, 1.058925, 0.965538, 1.040099, 0.920474, 1.064927, 0.911159, 1.117967, 0.961485, 1.058936, 1.037584, 1.097759, 1.040379, 1.050687, 1.089990, ]
	 CI LB in the last trial: [-0.110101, -0.124899, -0.040305, -0.039261, -0.079720, -0.110858, 0.000067, -0.032476, -0.094859, -0.070155, -0.080419, 0.014668, 0.091869, 0.062821, 0.104320, 0.084974, -0.034515, -0.011821, 0.003688, 0.112986, 0.050099, 0.186503, 0.010850, 0.137033, 0.175980, 0.165712, 0.135857, 0.144442, 0.215848, 0.281030, 0.174219, 0.291427, 0.242198, 0.191167, 0.249434, 0.233884, 0.339374, 0.293464, 0.205688, 0.388180, 0.309113, 0.330401, 0.364798, 0.357589, 0.296040, 0.314404, 0.347722, 0.445859, 0.385814, 0.488426, 0.435655, 0.398666, 0.436020, 0.514066, 0.443629, 0.422856, 0.459817, 0.482070, 0.545091, 0.529894, 0.490953, 0.522915, 0.592897, 0.453465, 0.559957, 0.588531, 0.557202, 0.576523, 0.580206, 0.620245, 0.630981, 0.675810, 0.638495, 0.636847, 0.637230, 0.597648, 0.581092, 0.697241, 0.581514, 0.755308, 0.634791, 0.716200, 0.745292, 0.760206, 0.722452, 0.724281, 0.708694, 0.828381, 0.744111, 0.837586, 0.773879, 0.894586, 0.750420, 0.897864, 0.775980, 0.880814, 0.820597, 0.905937, 0.935771, 0.886262, ]
----->
	 Cov Rate: 0.94804 	 (0.2219462962069879) 	Avg Len: 0.06865350257912096 	 (7.172481454375718e-05) 
	 d: 100 	 n: 100000 	 R: 3 	 eta_0: 0.05 	 alpha: 0.501 	 # Trials: 500
	 True solution:           [0.000000, 0.010101, 0.020202, 0.030303, 0.040404, 0.050505, 0.060606, 0.070707, 0.080808, 0.090909, 0.101010, 0.111111, 0.121212, 0.131313, 0.141414, 0.151515, 0.161616, 0.171717, 0.181818, 0.191919, 0.202020, 0.212121, 0.222222, 0.232323, 0.242424, 0.252525, 0.262626, 0.272727, 0.282828, 0.292929, 0.303030, 0.313131, 0.323232, 0.333333, 0.343434, 0.353535, 0.363636, 0.373737, 0.383838, 0.393939, 0.404040, 0.414141, 0.424242, 0.434343, 0.444444, 0.454545, 0.464646, 0.474747, 0.484848, 0.494949, 0.505051, 0.515152, 0.525253, 0.535354, 0.545455, 0.555556, 0.565657, 0.575758, 0.585859, 0.595960, 0.606061, 0.616162, 0.626263, 0.636364, 0.646465, 0.656566, 0.666667, 0.676768, 0.686869, 0.696970, 0.707071, 0.717172, 0.727273, 0.737374, 0.747475, 0.757576, 0.767677, 0.777778, 0.787879, 0.797980, 0.808081, 0.818182, 0.828283, 0.838384, 0.848485, 0.858586, 0.868687, 0.878788, 0.888889, 0.898990, 0.909091, 0.919192, 0.929293, 0.939394, 0.949495, 0.959596, 0.969697, 0.979798, 0.989899, 1.000000, ]
	 center in last trial:    [-0.005235, 0.009316, 0.009410, 0.024952, 0.042527, 0.066520, 0.058935, 0.055265, 0.076441, 0.082571, 0.101774, 0.117415, 0.135152, 0.136378, 0.139878, 0.145860, 0.152018, 0.169753, 0.177856, 0.208206, 0.208770, 0.210869, 0.208257, 0.240047, 0.241131, 0.250946, 0.251839, 0.269024, 0.284017, 0.291457, 0.300605, 0.313654, 0.319325, 0.327841, 0.343439, 0.350257, 0.350564, 0.376025, 0.380220, 0.408203, 0.404241, 0.424063, 0.417754, 0.438895, 0.436773, 0.447541, 0.468381, 0.490147, 0.493755, 0.508628, 0.517531, 0.526069, 0.531780, 0.539757, 0.538526, 0.537176, 0.564019, 0.568181, 0.582192, 0.594795, 0.600760, 0.609704, 0.621040, 0.638499, 0.655169, 0.638037, 0.661624, 0.683402, 0.688244, 0.699160, 0.710161, 0.719708, 0.725916, 0.736739, 0.747973, 0.747771, 0.756585, 0.783903, 0.787912, 0.792303, 0.793481, 0.815703, 0.830405, 0.845362, 0.836967, 0.860903, 0.878508, 0.887702, 0.891190, 0.888615, 0.918113, 0.903550, 0.928638, 0.932146, 0.928864, 0.960270, 0.964768, 0.975958, 0.995725, 0.988154, ]
	 CI UB in the last trial: [0.090192, 0.091435, 0.016829, 0.103898, 0.133165, 0.181729, 0.101254, 0.127491, 0.194795, 0.159255, 0.232639, 0.197602, 0.176860, 0.215028, 0.157202, 0.207963, 0.278862, 0.255677, 0.337944, 0.294953, 0.323197, 0.268901, 0.316936, 0.310613, 0.268742, 0.331609, 0.313484, 0.358740, 0.330596, 0.314417, 0.430544, 0.349932, 0.386572, 0.416367, 0.403149, 0.422356, 0.373130, 0.415681, 0.465462, 0.436265, 0.476187, 0.489525, 0.477634, 0.463112, 0.528311, 0.567054, 0.532967, 0.516708, 0.598334, 0.523290, 0.583068, 0.608909, 0.571950, 0.575109, 0.590883, 0.589517, 0.629760, 0.648696, 0.607011, 0.681407, 0.702096, 0.675019, 0.651842, 0.783184, 0.705703, 0.671204, 0.766455, 0.736286, 0.781095, 0.753238, 0.744579, 0.737441, 0.787557, 0.805341, 0.832930, 0.853032, 0.881258, 0.862060, 0.908730, 0.817316, 0.869546, 0.899350, 0.881226, 0.869900, 0.870234, 0.944680, 0.980376, 0.944621, 1.003081, 0.944310, 1.034403, 0.917334, 1.057857, 0.968021, 1.031054, 1.042250, 1.055869, 1.041065, 1.035096, 1.052275, ]
	 CI LB in the last trial: [-0.100663, -0.072804, 0.001991, -0.053994, -0.048111, -0.048690, 0.016615, -0.016961, -0.041912, 0.005887, -0.029091, 0.037227, 0.093444, 0.057728, 0.122554, 0.083757, 0.025174, 0.083829, 0.017769, 0.121458, 0.094344, 0.152837, 0.099577, 0.169481, 0.213520, 0.170283, 0.190195, 0.179309, 0.237439, 0.268496, 0.170665, 0.277375, 0.252078, 0.239316, 0.283729, 0.278158, 0.327998, 0.336368, 0.294978, 0.380140, 0.332295, 0.358602, 0.357874, 0.414677, 0.345234, 0.328027, 0.403794, 0.463585, 0.389176, 0.493967, 0.451995, 0.443230, 0.491609, 0.504406, 0.486169, 0.484835, 0.498278, 0.487666, 0.557373, 0.508183, 0.499425, 0.544389, 0.590239, 0.493814, 0.604634, 0.604869, 0.556793, 0.630518, 0.595394, 0.645082, 0.675743, 0.701974, 0.664274, 0.668136, 0.663016, 0.642510, 0.631912, 0.705746, 0.667094, 0.767290, 0.717415, 0.732056, 0.779584, 0.820824, 0.803701, 0.777126, 0.776640, 0.830784, 0.779300, 0.832920, 0.801824, 0.889767, 0.799419, 0.896270, 0.826673, 0.878290, 0.873667, 0.910851, 0.956354, 0.924033, ]
----->
	 Cov Rate: 0.94896 	 (0.2200793456915028) 	Avg Len: 0.07201548775943084 	 (7.693139896635694e-05) 
	 d: 100 	 n: 100000 	 R: 3 	 eta_0: 0.01 	 alpha: 0.501 	 # Trials: 500
	 True solution:           [0.000000, 0.010101, 0.020202, 0.030303, 0.040404, 0.050505, 0.060606, 0.070707, 0.080808, 0.090909, 0.101010, 0.111111, 0.121212, 0.131313, 0.141414, 0.151515, 0.161616, 0.171717, 0.181818, 0.191919, 0.202020, 0.212121, 0.222222, 0.232323, 0.242424, 0.252525, 0.262626, 0.272727, 0.282828, 0.292929, 0.303030, 0.313131, 0.323232, 0.333333, 0.343434, 0.353535, 0.363636, 0.373737, 0.383838, 0.393939, 0.404040, 0.414141, 0.424242, 0.434343, 0.444444, 0.454545, 0.464646, 0.474747, 0.484848, 0.494949, 0.505051, 0.515152, 0.525253, 0.535354, 0.545455, 0.555556, 0.565657, 0.575758, 0.585859, 0.595960, 0.606061, 0.616162, 0.626263, 0.636364, 0.646465, 0.656566, 0.666667, 0.676768, 0.686869, 0.696970, 0.707071, 0.717172, 0.727273, 0.737374, 0.747475, 0.757576, 0.767677, 0.777778, 0.787879, 0.797980, 0.808081, 0.818182, 0.828283, 0.838384, 0.848485, 0.858586, 0.868687, 0.878788, 0.888889, 0.898990, 0.909091, 0.919192, 0.929293, 0.939394, 0.949495, 0.959596, 0.969697, 0.979798, 0.989899, 1.000000, ]
	 center in last trial:    [-0.001543, 0.004059, 0.018426, 0.033032, 0.028238, 0.064767, 0.061966, 0.053920, 0.086822, 0.090343, 0.094295, 0.118625, 0.122929, 0.134804, 0.136921, 0.153036, 0.145270, 0.181508, 0.176074, 0.189727, 0.200998, 0.224633, 0.200703, 0.244262, 0.243121, 0.247138, 0.259452, 0.278731, 0.281912, 0.289358, 0.303600, 0.300245, 0.333469, 0.322803, 0.351704, 0.348410, 0.350694, 0.378881, 0.385782, 0.400983, 0.395277, 0.419952, 0.425487, 0.429030, 0.449326, 0.449104, 0.474056, 0.482062, 0.488533, 0.501948, 0.503883, 0.518230, 0.525830, 0.536979, 0.532690, 0.550320, 0.560381, 0.575271, 0.564317, 0.607083, 0.599508, 0.611237, 0.629216, 0.646775, 0.643874, 0.657823, 0.656304, 0.695295, 0.680355, 0.687016, 0.706195, 0.721670, 0.723318, 0.737491, 0.752664, 0.760977, 0.757298, 0.777849, 0.799912, 0.782621, 0.817336, 0.817645, 0.827044, 0.844657, 0.843365, 0.859666, 0.870703, 0.880407, 0.887712, 0.902699, 0.907570, 0.915828, 0.921573, 0.937175, 0.952936, 0.949469, 0.965653, 0.992111, 0.988791, 0.988353, ]
	 CI UB in the last trial: [0.063378, 0.092390, 0.157204, 0.196547, 0.115810, 0.195295, 0.189263, 0.103817, 0.141378, 0.162434, 0.118487, 0.226715, 0.230572, 0.322603, 0.251835, 0.199412, 0.237159, 0.238753, 0.246657, 0.276010, 0.241710, 0.249944, 0.250795, 0.262668, 0.252466, 0.329192, 0.330376, 0.316061, 0.394165, 0.449660, 0.479537, 0.380114, 0.357764, 0.349711, 0.375973, 0.381661, 0.392563, 0.461490, 0.443286, 0.419970, 0.406535, 0.437628, 0.526018, 0.481823, 0.536474, 0.486454, 0.527729, 0.506110, 0.518324, 0.542684, 0.610420, 0.638940, 0.583513, 0.631170, 0.625150, 0.608973, 0.581015, 0.653456, 0.601644, 0.669566, 0.670762, 0.690212, 0.655574, 0.731479, 0.727639, 0.726077, 0.751639, 0.715680, 0.746927, 0.775352, 0.811699, 0.892969, 0.859919, 0.842317, 0.786556, 0.798669, 0.790908, 0.864569, 0.929137, 0.923656, 0.912033, 0.931244, 0.944959, 0.939983, 0.932205, 0.903890, 0.912036, 0.932546, 0.897536, 0.918290, 0.990146, 0.952960, 0.982612, 1.011198, 1.068661, 1.044967, 1.036626, 1.034985, 1.029764, 1.016482, ]
	 CI LB in the last trial: [-0.066464, -0.084272, -0.120352, -0.130484, -0.059334, -0.065760, -0.065331, 0.004024, 0.032265, 0.018253, 0.070103, 0.010535, 0.015286, -0.052995, 0.022008, 0.106659, 0.053382, 0.124263, 0.105490, 0.103444, 0.160286, 0.199322, 0.150611, 0.225857, 0.233777, 0.165083, 0.188527, 0.241401, 0.169659, 0.129056, 0.127664, 0.220376, 0.309174, 0.295895, 0.327436, 0.315160, 0.308825, 0.296273, 0.328279, 0.381996, 0.384018, 0.402276, 0.324956, 0.376236, 0.362179, 0.411755, 0.420383, 0.458015, 0.458743, 0.461212, 0.397347, 0.397520, 0.468147, 0.442787, 0.440230, 0.491667, 0.539746, 0.497085, 0.526990, 0.544599, 0.528255, 0.532262, 0.602858, 0.562071, 0.560110, 0.589570, 0.560969, 0.674910, 0.613783, 0.598680, 0.600691, 0.550371, 0.586717, 0.632666, 0.718772, 0.723284, 0.723687, 0.691129, 0.670686, 0.641587, 0.722638, 0.704046, 0.709128, 0.749330, 0.754526, 0.815443, 0.829370, 0.828269, 0.877888, 0.887107, 0.824995, 0.878696, 0.860535, 0.863152, 0.837210, 0.853971, 0.894680, 0.949237, 0.947819, 0.960225, ]
----->
	 Cov Rate: 0.94942 	 (0.21913845760158124) 	Avg Len: 0.15219844527017137 	 (0.00011085771861238299) 
	 d: 100 	 n: 100000 	 R: 5 	 eta_0: 0.5 	 alpha: 0.501 	 # Trials: 500
	 True solution:           [0.000000, 0.010101, 0.020202, 0.030303, 0.040404, 0.050505, 0.060606, 0.070707, 0.080808, 0.090909, 0.101010, 0.111111, 0.121212, 0.131313, 0.141414, 0.151515, 0.161616, 0.171717, 0.181818, 0.191919, 0.202020, 0.212121, 0.222222, 0.232323, 0.242424, 0.252525, 0.262626, 0.272727, 0.282828, 0.292929, 0.303030, 0.313131, 0.323232, 0.333333, 0.343434, 0.353535, 0.363636, 0.373737, 0.383838, 0.393939, 0.404040, 0.414141, 0.424242, 0.434343, 0.444444, 0.454545, 0.464646, 0.474747, 0.484848, 0.494949, 0.505051, 0.515152, 0.525253, 0.535354, 0.545455, 0.555556, 0.565657, 0.575758, 0.585859, 0.595960, 0.606061, 0.616162, 0.626263, 0.636364, 0.646465, 0.656566, 0.666667, 0.676768, 0.686869, 0.696970, 0.707071, 0.717172, 0.727273, 0.737374, 0.747475, 0.757576, 0.767677, 0.777778, 0.787879, 0.797980, 0.808081, 0.818182, 0.828283, 0.838384, 0.848485, 0.858586, 0.868687, 0.878788, 0.888889, 0.898990, 0.909091, 0.919192, 0.929293, 0.939394, 0.949495, 0.959596, 0.969697, 0.979798, 0.989899, 1.000000, ]
	 center in last trial:    [-0.048036, 0.030763, 0.021109, 0.069835, 0.083770, 0.028807, 0.039485, 0.062379, 0.105809, 0.056602, 0.102012, 0.143560, 0.142832, 0.139121, 0.135512, 0.167989, 0.140968, 0.128870, 0.171813, 0.243380, 0.183456, 0.211215, 0.187541, 0.217105, 0.268459, 0.267414, 0.199500, 0.282020, 0.245278, 0.296378, 0.366937, 0.330500, 0.302967, 0.300063, 0.324818, 0.301119, 0.430058, 0.375121, 0.358701, 0.381670, 0.416860, 0.392816, 0.405237, 0.427777, 0.438265, 0.450234, 0.541158, 0.475706, 0.475470, 0.502552, 0.525710, 0.538731, 0.548562, 0.543064, 0.573057, 0.523637, 0.584890, 0.577710, 0.583870, 0.578449, 0.566806, 0.622991, 0.653369, 0.624578, 0.631514, 0.614908, 0.647092, 0.678839, 0.723966, 0.698682, 0.715939, 0.699849, 0.717466, 0.708255, 0.755843, 0.715766, 0.741865, 0.803780, 0.711512, 0.759379, 0.773708, 0.769689, 0.832325, 0.844206, 0.813313, 0.846197, 0.888884, 0.912504, 0.883172, 0.890236, 0.926673, 0.913709, 0.939669, 0.922087, 0.890974, 0.972013, 0.949330, 0.968363, 0.985726, 0.960233, ]
	 CI UB in the last trial: [0.052707, 0.222374, 0.151496, 0.210730, 0.238133, 0.215025, 0.225819, 0.198347, 0.290017, 0.299072, 0.305082, 0.280807, 0.220911, 0.209282, 0.290055, 0.316467, 0.391842, 0.417535, 0.227418, 0.345794, 0.241943, 0.318501, 0.471933, 0.355525, 0.440492, 0.375090, 0.409903, 0.429640, 0.412148, 0.499522, 0.555401, 0.480867, 0.373347, 0.420183, 0.484420, 0.498702, 0.541361, 0.469480, 0.588160, 0.445213, 0.612825, 0.515770, 0.581367, 0.641593, 0.616925, 0.620325, 0.715135, 0.678657, 0.618669, 0.598681, 0.671593, 0.688008, 0.724676, 0.744648, 0.765936, 0.662946, 0.737277, 0.735700, 0.705424, 0.745930, 0.688413, 0.777316, 0.870338, 0.722270, 0.866966, 0.762474, 0.721481, 0.864491, 0.859806, 0.924996, 0.911165, 0.835842, 0.889628, 0.882789, 0.893272, 0.885937, 0.823743, 0.899585, 0.937886, 0.912677, 0.962588, 0.943959, 0.916976, 0.973976, 1.035060, 1.002613, 1.069017, 1.072076, 1.018463, 1.006233, 1.092410, 1.014452, 1.076504, 0.946579, 1.088475, 1.126144, 1.107742, 0.999689, 1.108685, 1.090214, ]
	 CI LB in the last trial: [-0.148780, -0.160847, -0.109278, -0.071059, -0.070593, -0.157411, -0.146849, -0.073589, -0.078399, -0.185869, -0.101058, 0.006312, 0.064753, 0.068959, -0.019030, 0.019511, -0.109905, -0.159796, 0.116208, 0.140966, 0.124970, 0.103929, -0.096852, 0.078685, 0.096426, 0.159738, -0.010904, 0.134399, 0.078409, 0.093234, 0.178472, 0.180134, 0.232587, 0.179943, 0.165216, 0.103536, 0.318755, 0.280761, 0.129242, 0.318127, 0.220894, 0.269863, 0.229106, 0.213960, 0.259606, 0.280143, 0.367181, 0.272755, 0.332271, 0.406422, 0.379827, 0.389454, 0.372449, 0.341481, 0.380179, 0.384328, 0.432504, 0.419721, 0.462317, 0.410967, 0.445199, 0.468666, 0.436399, 0.526886, 0.396062, 0.467341, 0.572703, 0.493188, 0.588127, 0.472368, 0.520712, 0.563856, 0.545305, 0.533720, 0.618414, 0.545595, 0.659986, 0.707975, 0.485137, 0.606081, 0.584827, 0.595419, 0.747674, 0.714437, 0.591567, 0.689780, 0.708751, 0.752933, 0.747881, 0.774238, 0.760936, 0.812966, 0.802834, 0.897596, 0.693474, 0.817883, 0.790917, 0.937038, 0.862767, 0.830251, ]
----->
	 Cov Rate: 0.9502 	 (0.21753151495817796) 	Avg Len: 0.06621585620492969 	 (4.8060915559313304e-05) 
	 d: 100 	 n: 100000 	 R: 5 	 eta_0: 0.1 	 alpha: 0.501 	 # Trials: 500
	 True solution:           [0.000000, 0.010101, 0.020202, 0.030303, 0.040404, 0.050505, 0.060606, 0.070707, 0.080808, 0.090909, 0.101010, 0.111111, 0.121212, 0.131313, 0.141414, 0.151515, 0.161616, 0.171717, 0.181818, 0.191919, 0.202020, 0.212121, 0.222222, 0.232323, 0.242424, 0.252525, 0.262626, 0.272727, 0.282828, 0.292929, 0.303030, 0.313131, 0.323232, 0.333333, 0.343434, 0.353535, 0.363636, 0.373737, 0.383838, 0.393939, 0.404040, 0.414141, 0.424242, 0.434343, 0.444444, 0.454545, 0.464646, 0.474747, 0.484848, 0.494949, 0.505051, 0.515152, 0.525253, 0.535354, 0.545455, 0.555556, 0.565657, 0.575758, 0.585859, 0.595960, 0.606061, 0.616162, 0.626263, 0.636364, 0.646465, 0.656566, 0.666667, 0.676768, 0.686869, 0.696970, 0.707071, 0.717172, 0.727273, 0.737374, 0.747475, 0.757576, 0.767677, 0.777778, 0.787879, 0.797980, 0.808081, 0.818182, 0.828283, 0.838384, 0.848485, 0.858586, 0.868687, 0.878788, 0.888889, 0.898990, 0.909091, 0.919192, 0.929293, 0.939394, 0.949495, 0.959596, 0.969697, 0.979798, 0.989899, 1.000000, ]
	 center in last trial:    [-0.008003, 0.011829, 0.007922, 0.027912, 0.047576, 0.068171, 0.055646, 0.054721, 0.075006, 0.078405, 0.101886, 0.122634, 0.130346, 0.143054, 0.138709, 0.150285, 0.153589, 0.165110, 0.180295, 0.217371, 0.209489, 0.207340, 0.207235, 0.239553, 0.240022, 0.254720, 0.246011, 0.267338, 0.282139, 0.292075, 0.308570, 0.319898, 0.318736, 0.320683, 0.340715, 0.341741, 0.366938, 0.378522, 0.375253, 0.409755, 0.400610, 0.425235, 0.418876, 0.438534, 0.435725, 0.442317, 0.476851, 0.487996, 0.494039, 0.510598, 0.523393, 0.524802, 0.533188, 0.544073, 0.546559, 0.529924, 0.569410, 0.574234, 0.587869, 0.589820, 0.594123, 0.607845, 0.619537, 0.631242, 0.652369, 0.632100, 0.659232, 0.681346, 0.695432, 0.705334, 0.712784, 0.719199, 0.726535, 0.732749, 0.752422, 0.739610, 0.755324, 0.788749, 0.777071, 0.787588, 0.784669, 0.804926, 0.833708, 0.842494, 0.832836, 0.861847, 0.883809, 0.896960, 0.892105, 0.879030, 0.919403, 0.902873, 0.934193, 0.929674, 0.917458, 0.959199, 0.959178, 0.973158, 0.993229, 0.988126, ]
	 CI UB in the last trial: [0.048787, 0.080861, 0.032460, 0.064834, 0.111818, 0.155137, 0.124119, 0.100874, 0.158333, 0.147683, 0.196021, 0.186935, 0.180891, 0.208554, 0.184954, 0.216526, 0.303527, 0.288843, 0.264250, 0.275676, 0.282244, 0.221310, 0.311132, 0.296697, 0.310813, 0.295752, 0.302378, 0.337830, 0.333095, 0.334079, 0.426164, 0.354600, 0.384883, 0.404339, 0.383966, 0.396207, 0.409902, 0.417547, 0.467494, 0.473336, 0.459066, 0.469361, 0.533764, 0.487899, 0.537012, 0.516752, 0.561010, 0.565928, 0.549032, 0.531045, 0.583889, 0.590386, 0.581564, 0.589118, 0.605648, 0.590557, 0.621605, 0.619932, 0.646478, 0.667806, 0.661337, 0.682598, 0.696331, 0.718389, 0.789366, 0.685224, 0.709250, 0.733073, 0.770270, 0.791815, 0.772431, 0.786096, 0.774129, 0.799544, 0.817135, 0.843283, 0.854140, 0.860347, 0.868964, 0.850873, 0.861543, 0.864547, 0.879051, 0.914301, 0.906812, 0.925052, 0.969240, 0.955300, 0.962596, 0.931993, 0.987119, 0.925263, 1.046487, 0.957238, 0.994769, 1.000880, 1.051057, 1.009393, 1.026905, 1.037663, ]
	 CI LB in the last trial: [-0.064792, -0.057202, -0.016616, -0.009010, -0.016665, -0.018794, -0.012826, 0.008568, -0.008321, 0.009127, 0.007750, 0.058333, 0.079802, 0.077554, 0.092463, 0.084045, 0.003651, 0.041377, 0.096341, 0.159066, 0.136735, 0.193370, 0.103337, 0.182410, 0.169232, 0.213688, 0.189643, 0.196846, 0.231183, 0.250071, 0.190976, 0.285196, 0.252589, 0.237027, 0.297464, 0.287274, 0.323974, 0.339497, 0.283011, 0.346174, 0.342155, 0.381110, 0.303988, 0.389169, 0.334438, 0.367882, 0.392693, 0.410064, 0.439047, 0.490151, 0.462897, 0.459218, 0.484813, 0.499028, 0.487470, 0.469291, 0.517214, 0.528537, 0.529261, 0.511833, 0.526910, 0.533092, 0.542743, 0.544096, 0.515373, 0.578976, 0.609213, 0.629618, 0.620593, 0.618853, 0.653136, 0.652302, 0.678941, 0.665954, 0.687708, 0.635936, 0.656509, 0.717151, 0.685178, 0.724302, 0.707796, 0.745304, 0.788364, 0.770687, 0.758860, 0.798643, 0.798379, 0.838619, 0.821614, 0.826067, 0.851688, 0.880483, 0.821900, 0.902111, 0.840147, 0.917518, 0.867299, 0.936924, 0.959554, 0.938589, ]
----->
	 Cov Rate: 0.95036 	 (0.2172000699815725) 	Avg Len: 0.0469292344914004 	 (3.4038990780056294e-05) 
	 d: 100 	 n: 100000 	 R: 5 	 eta_0: 0.05 	 alpha: 0.501 	 # Trials: 500
	 True solution:           [0.000000, 0.010101, 0.020202, 0.030303, 0.040404, 0.050505, 0.060606, 0.070707, 0.080808, 0.090909, 0.101010, 0.111111, 0.121212, 0.131313, 0.141414, 0.151515, 0.161616, 0.171717, 0.181818, 0.191919, 0.202020, 0.212121, 0.222222, 0.232323, 0.242424, 0.252525, 0.262626, 0.272727, 0.282828, 0.292929, 0.303030, 0.313131, 0.323232, 0.333333, 0.343434, 0.353535, 0.363636, 0.373737, 0.383838, 0.393939, 0.404040, 0.414141, 0.424242, 0.434343, 0.444444, 0.454545, 0.464646, 0.474747, 0.484848, 0.494949, 0.505051, 0.515152, 0.525253, 0.535354, 0.545455, 0.555556, 0.565657, 0.575758, 0.585859, 0.595960, 0.606061, 0.616162, 0.626263, 0.636364, 0.646465, 0.656566, 0.666667, 0.676768, 0.686869, 0.696970, 0.707071, 0.717172, 0.727273, 0.737374, 0.747475, 0.757576, 0.767677, 0.777778, 0.787879, 0.797980, 0.808081, 0.818182, 0.828283, 0.838384, 0.848485, 0.858586, 0.868687, 0.878788, 0.888889, 0.898990, 0.909091, 0.919192, 0.929293, 0.939394, 0.949495, 0.959596, 0.969697, 0.979798, 0.989899, 1.000000, ]
	 center in last trial:    [-0.005235, 0.009316, 0.009410, 0.024952, 0.042527, 0.066520, 0.058935, 0.055265, 0.076441, 0.082571, 0.101774, 0.117415, 0.135152, 0.136378, 0.139878, 0.145860, 0.152018, 0.169753, 0.177856, 0.208206, 0.208770, 0.210869, 0.208257, 0.240047, 0.241131, 0.250946, 0.251839, 0.269024, 0.284017, 0.291457, 0.300605, 0.313654, 0.319325, 0.327841, 0.343439, 0.350257, 0.350564, 0.376025, 0.380220, 0.408203, 0.404241, 0.424063, 0.417754, 0.438895, 0.436773, 0.447541, 0.468381, 0.490147, 0.493755, 0.508628, 0.517531, 0.526069, 0.531780, 0.539757, 0.538526, 0.537176, 0.564019, 0.568181, 0.582192, 0.594795, 0.600760, 0.609704, 0.621040, 0.638499, 0.655169, 0.638037, 0.661624, 0.683402, 0.688244, 0.699160, 0.710161, 0.719708, 0.725916, 0.736739, 0.747973, 0.747771, 0.756585, 0.783903, 0.787912, 0.792303, 0.793481, 0.815703, 0.830405, 0.845362, 0.836967, 0.860903, 0.878508, 0.887702, 0.891190, 0.888615, 0.918113, 0.903550, 0.928638, 0.932146, 0.928864, 0.960270, 0.964768, 0.975958, 0.995725, 0.988154, ]
	 CI UB in the last trial: [0.044526, 0.050957, 0.024638, 0.062419, 0.093931, 0.128972, 0.105526, 0.089247, 0.133967, 0.122219, 0.164026, 0.161370, 0.186397, 0.184556, 0.158198, 0.197212, 0.250275, 0.250407, 0.253337, 0.250741, 0.262018, 0.244132, 0.274833, 0.282341, 0.295329, 0.288056, 0.287255, 0.314424, 0.328262, 0.316964, 0.394008, 0.335845, 0.373582, 0.390500, 0.374737, 0.384924, 0.376250, 0.408719, 0.434526, 0.449951, 0.440423, 0.458397, 0.496798, 0.460227, 0.509360, 0.508445, 0.523910, 0.531527, 0.547378, 0.520888, 0.565156, 0.569517, 0.552677, 0.575304, 0.576705, 0.570492, 0.596708, 0.607645, 0.627339, 0.669617, 0.658102, 0.668534, 0.670488, 0.706211, 0.754268, 0.691319, 0.712027, 0.716782, 0.743057, 0.747941, 0.742413, 0.774003, 0.758760, 0.780387, 0.802089, 0.816267, 0.825595, 0.835703, 0.849106, 0.835646, 0.836943, 0.861540, 0.857072, 0.898373, 0.872014, 0.899586, 0.932581, 0.940996, 0.942315, 0.928721, 0.973332, 0.919224, 1.006954, 0.951801, 0.986234, 0.999198, 1.028655, 1.010455, 1.022401, 1.020958, ]
	 CI LB in the last trial: [-0.054997, -0.032326, -0.005819, -0.012515, -0.008877, 0.004067, 0.012343, 0.021283, 0.018916, 0.042922, 0.039522, 0.073459, 0.083907, 0.088200, 0.121558, 0.094508, 0.053761, 0.089099, 0.102376, 0.165671, 0.155523, 0.177605, 0.141680, 0.197752, 0.186932, 0.213836, 0.216423, 0.223624, 0.239773, 0.265950, 0.207201, 0.291462, 0.265068, 0.265182, 0.312141, 0.315591, 0.324878, 0.343330, 0.325914, 0.366454, 0.368059, 0.389730, 0.338710, 0.417562, 0.364186, 0.386636, 0.412851, 0.448766, 0.440132, 0.496369, 0.469907, 0.482622, 0.510882, 0.504211, 0.500347, 0.503859, 0.531329, 0.528717, 0.537046, 0.519973, 0.543419, 0.550874, 0.571593, 0.570787, 0.556069, 0.584755, 0.611221, 0.650021, 0.633432, 0.650380, 0.677909, 0.665412, 0.693071, 0.693090, 0.693857, 0.679275, 0.687575, 0.732103, 0.726718, 0.748961, 0.750019, 0.769866, 0.803738, 0.792352, 0.801920, 0.822219, 0.824435, 0.834409, 0.840065, 0.848509, 0.862894, 0.887877, 0.850322, 0.912491, 0.871493, 0.921342, 0.900880, 0.941461, 0.969048, 0.955349, ]
----->
	 Cov Rate: 0.94854 	 (0.22093408157185707) 	Avg Len: 0.049533597867473654 	 (3.736750123446322e-05) 
	 d: 100 	 n: 100000 	 R: 5 	 eta_0: 0.01 	 alpha: 0.501 	 # Trials: 500
	 True solution:           [0.000000, 0.010101, 0.020202, 0.030303, 0.040404, 0.050505, 0.060606, 0.070707, 0.080808, 0.090909, 0.101010, 0.111111, 0.121212, 0.131313, 0.141414, 0.151515, 0.161616, 0.171717, 0.181818, 0.191919, 0.202020, 0.212121, 0.222222, 0.232323, 0.242424, 0.252525, 0.262626, 0.272727, 0.282828, 0.292929, 0.303030, 0.313131, 0.323232, 0.333333, 0.343434, 0.353535, 0.363636, 0.373737, 0.383838, 0.393939, 0.404040, 0.414141, 0.424242, 0.434343, 0.444444, 0.454545, 0.464646, 0.474747, 0.484848, 0.494949, 0.505051, 0.515152, 0.525253, 0.535354, 0.545455, 0.555556, 0.565657, 0.575758, 0.585859, 0.595960, 0.606061, 0.616162, 0.626263, 0.636364, 0.646465, 0.656566, 0.666667, 0.676768, 0.686869, 0.696970, 0.707071, 0.717172, 0.727273, 0.737374, 0.747475, 0.757576, 0.767677, 0.777778, 0.787879, 0.797980, 0.808081, 0.818182, 0.828283, 0.838384, 0.848485, 0.858586, 0.868687, 0.878788, 0.888889, 0.898990, 0.909091, 0.919192, 0.929293, 0.939394, 0.949495, 0.959596, 0.969697, 0.979798, 0.989899, 1.000000, ]
	 center in last trial:    [-0.001543, 0.004059, 0.018426, 0.033032, 0.028238, 0.064767, 0.061966, 0.053920, 0.086822, 0.090343, 0.094295, 0.118625, 0.122929, 0.134804, 0.136921, 0.153036, 0.145270, 0.181508, 0.176074, 0.189727, 0.200998, 0.224633, 0.200703, 0.244262, 0.243121, 0.247138, 0.259452, 0.278731, 0.281912, 0.289358, 0.303600, 0.300245, 0.333469, 0.322803, 0.351704, 0.348410, 0.350694, 0.378881, 0.385782, 0.400983, 0.395277, 0.419952, 0.425487, 0.429030, 0.449326, 0.449104, 0.474056, 0.482062, 0.488533, 0.501948, 0.503883, 0.518230, 0.525830, 0.536979, 0.532690, 0.550320, 0.560381, 0.575271, 0.564317, 0.607083, 0.599508, 0.611237, 0.629216, 0.646775, 0.643874, 0.657823, 0.656304, 0.695295, 0.680355, 0.687016, 0.706195, 0.721670, 0.723318, 0.737491, 0.752664, 0.760977, 0.757298, 0.777849, 0.799912, 0.782621, 0.817336, 0.817645, 0.827044, 0.844657, 0.843365, 0.859666, 0.870703, 0.880407, 0.887712, 0.902699, 0.907570, 0.915828, 0.921573, 0.937175, 0.952936, 0.949469, 0.965653, 0.992111, 0.988791, 0.988353, ]
	 CI UB in the last trial: [0.031202, 0.046329, 0.088569, 0.117630, 0.079873, 0.127432, 0.133478, 0.091894, 0.135092, 0.145954, 0.114983, 0.175393, 0.174275, 0.222651, 0.190659, 0.179446, 0.191334, 0.259194, 0.213160, 0.230369, 0.222140, 0.258671, 0.250885, 0.305514, 0.333688, 0.302039, 0.309772, 0.300199, 0.339456, 0.365802, 0.387199, 0.383462, 0.367625, 0.343949, 0.380822, 0.411681, 0.392861, 0.441714, 0.418561, 0.429619, 0.408493, 0.433245, 0.485349, 0.511682, 0.498231, 0.484187, 0.537145, 0.530002, 0.515474, 0.538475, 0.571924, 0.594278, 0.589641, 0.617900, 0.615212, 0.608229, 0.580859, 0.624671, 0.591340, 0.660590, 0.656437, 0.669438, 0.646330, 0.708918, 0.724817, 0.693662, 0.702435, 0.740467, 0.717798, 0.728606, 0.755738, 0.809290, 0.788021, 0.795677, 0.790062, 0.818675, 0.773050, 0.826145, 0.859834, 0.847346, 0.874360, 0.873338, 0.882226, 0.888920, 0.905165, 0.940384, 0.958152, 0.971767, 0.937662, 0.926936, 0.945967, 0.948080, 0.975039, 1.003793, 1.022048, 1.000516, 1.001969, 1.016701, 1.014649, 1.014255, ]
	 CI LB in the last trial: [-0.034288, -0.038211, -0.051717, -0.051566, -0.023397, 0.002103, -0.009546, 0.015946, 0.038551, 0.034733, 0.073607, 0.061857, 0.071583, 0.046957, 0.083184, 0.126625, 0.099207, 0.103822, 0.138987, 0.149085, 0.179855, 0.190595, 0.150521, 0.183010, 0.152555, 0.192236, 0.209131, 0.257263, 0.224368, 0.212914, 0.220001, 0.217028, 0.299313, 0.301657, 0.322587, 0.285140, 0.308527, 0.316049, 0.353004, 0.372348, 0.382061, 0.406659, 0.365625, 0.346378, 0.400422, 0.414022, 0.410968, 0.434122, 0.461592, 0.465421, 0.435843, 0.442181, 0.462019, 0.456057, 0.450169, 0.492411, 0.539902, 0.525871, 0.537294, 0.553575, 0.542580, 0.553036, 0.612102, 0.584631, 0.562932, 0.621984, 0.610173, 0.650122, 0.642911, 0.645427, 0.656652, 0.634049, 0.658615, 0.679305, 0.715266, 0.703278, 0.741546, 0.729552, 0.739990, 0.717897, 0.760311, 0.761952, 0.771862, 0.800394, 0.781566, 0.778949, 0.783253, 0.789048, 0.837762, 0.878462, 0.869173, 0.883576, 0.868107, 0.870557, 0.883824, 0.898422, 0.929337, 0.967520, 0.962933, 0.962452, ]
