----->
	 Cov Rate: 1.0 	 (0.0) 	Avg Len: 1113.6540288019698 	 (19.851086880101967) 
	 d: 20 	 n: 10000 	 B: 100 	 eta_0: 0.5 	 alpha: 0.501 	 # Trials: 500
	 True solution:           [0.000000, 0.052632, 0.105263, 0.157895, 0.210526, 0.263158, 0.315789, 0.368421, 0.421053, 0.473684, 0.526316, 0.578947, 0.631579, 0.684211, 0.736842, 0.789474, 0.842105, 0.894737, 0.947368, 1.000000, ]
	 center in last trial:    [0.115446, 0.377750, -0.028379, -0.178032, 0.428378, 0.169972, 0.333341, 0.353037, 0.623519, 0.298465, 0.342561, 0.645266, 0.810075, 0.557236, 0.489777, 1.041790, 0.404670, 0.860307, 0.873266, 1.358763, ]
	 CI UB in the last trial: [2872.543684, 4405.118098, 3176.337079, 6749.769002, 3938.017199, 1273.004282, 2582.931154, 4490.762089, 4334.501039, 950.224326, 2632.460449, 80.262822, 4245.584656, 871.672236, 7257.298588, 3249.729395, 6170.869618, 611.688035, 3544.223542, 7158.292802, ]
	 CI LB in the last trial: [-2872.312792, -4404.362598, -3176.393837, -6750.125067, -3937.160443, -1272.664338, -2582.264472, -4490.056015, -4333.254000, -949.627395, -2631.775326, -78.972291, -4243.964506, -870.557765, -7256.319033, -3247.645814, -6170.060279, -609.967421, -3542.477010, -7155.575276, ]
----->
	 Cov Rate: 0.9775 	 (0.14830289949963893) 	Avg Len: 0.07031975120791834 	 (6.819916766608576e-05) 
	 d: 20 	 n: 10000 	 B: 100 	 eta_0: 0.1 	 alpha: 0.501 	 # Trials: 500
	 True solution:           [0.000000, 0.052632, 0.105263, 0.157895, 0.210526, 0.263158, 0.315789, 0.368421, 0.421053, 0.473684, 0.526316, 0.578947, 0.631579, 0.684211, 0.736842, 0.789474, 0.842105, 0.894737, 0.947368, 1.000000, ]
	 center in last trial:    [-0.003882, 0.048008, 0.117440, 0.157836, 0.228845, 0.273538, 0.324239, 0.359924, 0.422187, 0.461224, 0.515595, 0.568385, 0.632942, 0.686493, 0.732286, 0.765001, 0.840531, 0.908315, 0.936247, 0.986241, ]
	 CI UB in the last trial: [0.060664, 0.133205, 0.180071, 0.249564, 0.309087, 0.327697, 0.384864, 0.425146, 0.487461, 0.526371, 0.592008, 0.625219, 0.690309, 0.753961, 0.794182, 0.858809, 0.912882, 0.975178, 1.009664, 1.054292, ]
	 CI LB in the last trial: [-0.068428, -0.037188, 0.054810, 0.066108, 0.148602, 0.219379, 0.263613, 0.294703, 0.356914, 0.396076, 0.439182, 0.511551, 0.575575, 0.619026, 0.670391, 0.671192, 0.768179, 0.841453, 0.862830, 0.918190, ]
----->
	 Cov Rate: 0.9296 	 (0.2558199366742162) 	Avg Len: 0.07455333985883922 	 (4.8190441499976956e-05) 
	 d: 20 	 n: 10000 	 B: 100 	 eta_0: 0.05 	 alpha: 0.501 	 # Trials: 500
	 True solution:           [0.000000, 0.052632, 0.105263, 0.157895, 0.210526, 0.263158, 0.315789, 0.368421, 0.421053, 0.473684, 0.526316, 0.578947, 0.631579, 0.684211, 0.736842, 0.789474, 0.842105, 0.894737, 0.947368, 1.000000, ]
	 center in last trial:    [0.007445, 0.054587, 0.123557, 0.154138, 0.247439, 0.293310, 0.331239, 0.359173, 0.418067, 0.462213, 0.510288, 0.566865, 0.636483, 0.693139, 0.720734, 0.749990, 0.836424, 0.907637, 0.916366, 0.968854, ]
	 CI UB in the last trial: [0.076288, 0.145822, 0.194029, 0.238081, 0.332085, 0.355652, 0.405149, 0.424326, 0.508935, 0.535876, 0.586007, 0.622301, 0.706626, 0.775022, 0.782039, 0.844652, 0.908226, 0.972950, 0.985970, 1.037927, ]
	 CI LB in the last trial: [-0.061397, -0.036649, 0.053084, 0.070194, 0.162793, 0.230969, 0.257330, 0.294020, 0.327200, 0.388550, 0.434568, 0.511428, 0.566341, 0.611257, 0.659429, 0.655328, 0.764622, 0.842323, 0.846762, 0.899781, ]
----->
	 Cov Rate: 0.3392 	 (0.4734378100659052) 	Avg Len: 0.13529927369338537 	 (8.032979695013881e-05) 
	 d: 20 	 n: 10000 	 B: 100 	 eta_0: 0.01 	 alpha: 0.501 	 # Trials: 500
	 True solution:           [0.000000, 0.052632, 0.105263, 0.157895, 0.210526, 0.263158, 0.315789, 0.368421, 0.421053, 0.473684, 0.526316, 0.578947, 0.631579, 0.684211, 0.736842, 0.789474, 0.842105, 0.894737, 0.947368, 1.000000, ]
	 center in last trial:    [0.169211, 0.198081, 0.222961, 0.241849, 0.379389, 0.403357, 0.398968, 0.376117, 0.426139, 0.463682, 0.468549, 0.541399, 0.581805, 0.628479, 0.608642, 0.607304, 0.725001, 0.784863, 0.725083, 0.758754, ]
	 CI UB in the last trial: [0.306822, 0.340453, 0.367212, 0.422342, 0.600895, 0.522788, 0.528070, 0.494389, 0.594916, 0.602633, 0.587761, 0.640972, 0.720146, 0.820747, 0.703088, 0.763582, 0.854806, 0.916792, 0.886451, 0.887552, ]
	 CI LB in the last trial: [0.031599, 0.055709, 0.078710, 0.061355, 0.157882, 0.283925, 0.269865, 0.257846, 0.257363, 0.324731, 0.349338, 0.441826, 0.443463, 0.436212, 0.514197, 0.451026, 0.595196, 0.652933, 0.563714, 0.629956, ]
