----->
	 Cov Rate: 0.9542 	 (0.20905109423296497) 	Avg Len: 0.21675509791279543 	 (0.00022620869591857858) 
	 d: 20 	 n: 100000 	 R: 3 	 eta_0: 0.5 	 alpha: 0.501 	 # Trials: 500
	 True solution:           [0.000000, 0.052632, 0.105263, 0.157895, 0.210526, 0.263158, 0.315789, 0.368421, 0.421053, 0.473684, 0.526316, 0.578947, 0.631579, 0.684211, 0.736842, 0.789474, 0.842105, 0.894737, 0.947368, 1.000000, ]
	 center in last trial:    [0.010590, 0.080464, 0.072744, 0.140331, 0.254964, 0.263084, 0.288881, 0.413049, 0.406992, 0.483338, 0.554991, 0.552993, 0.645609, 0.705020, 0.752321, 0.770073, 0.856756, 0.899780, 0.981257, 0.955456, ]
	 CI UB in the last trial: [0.320072, 0.307813, 0.218735, 0.281807, 0.299341, 0.500495, 0.319698, 0.493195, 0.630132, 0.653017, 0.769294, 1.117123, 0.777156, 0.842865, 1.237753, 1.133019, 1.091119, 0.967811, 1.055932, 0.964470, ]
	 CI LB in the last trial: [-0.298892, -0.146884, -0.073247, -0.001145, 0.210588, 0.025673, 0.258064, 0.332903, 0.183853, 0.313659, 0.340689, -0.011138, 0.514062, 0.567174, 0.266890, 0.407128, 0.622393, 0.831749, 0.906581, 0.946443, ]
----->
	 Cov Rate: 0.9525 	 (0.21270578271405782) 	Avg Len: 0.09682119031398785 	 (0.00010099580794298722) 
	 d: 20 	 n: 100000 	 R: 3 	 eta_0: 0.1 	 alpha: 0.501 	 # Trials: 500
	 True solution:           [0.000000, 0.052632, 0.105263, 0.157895, 0.210526, 0.263158, 0.315789, 0.368421, 0.421053, 0.473684, 0.526316, 0.578947, 0.631579, 0.684211, 0.736842, 0.789474, 0.842105, 0.894737, 0.947368, 1.000000, ]
	 center in last trial:    [0.002263, 0.065209, 0.091859, 0.142748, 0.223711, 0.266604, 0.319221, 0.396103, 0.416636, 0.468293, 0.529753, 0.574254, 0.627662, 0.689849, 0.740156, 0.798045, 0.841650, 0.893567, 0.957840, 0.996260, ]
	 CI UB in the last trial: [0.111024, 0.102918, 0.158253, 0.213086, 0.313400, 0.377356, 0.343149, 0.484110, 0.521700, 0.608776, 0.694929, 0.805997, 0.740593, 0.743523, 0.905927, 0.865153, 0.927820, 0.937972, 1.004927, 1.041268, ]
	 CI LB in the last trial: [-0.106499, 0.027501, 0.025464, 0.072410, 0.134022, 0.155852, 0.295293, 0.308095, 0.311572, 0.327811, 0.364578, 0.342511, 0.514731, 0.636175, 0.574385, 0.730936, 0.755480, 0.849161, 0.910754, 0.951252, ]
----->
	 Cov Rate: 0.9488 	 (0.2204054445788488) 	Avg Len: 0.06878639092904365 	 (7.197120852857626e-05) 
	 d: 20 	 n: 100000 	 R: 3 	 eta_0: 0.05 	 alpha: 0.501 	 # Trials: 500
	 True solution:           [0.000000, 0.052632, 0.105263, 0.157895, 0.210526, 0.263158, 0.315789, 0.368421, 0.421053, 0.473684, 0.526316, 0.578947, 0.631579, 0.684211, 0.736842, 0.789474, 0.842105, 0.894737, 0.947368, 1.000000, ]
	 center in last trial:    [-0.002002, 0.056229, 0.094586, 0.150143, 0.212722, 0.266493, 0.322649, 0.382791, 0.420031, 0.465436, 0.523845, 0.580217, 0.626869, 0.688925, 0.735755, 0.795545, 0.841594, 0.894696, 0.951040, 1.003551, ]
	 CI UB in the last trial: [0.050438, 0.091463, 0.160884, 0.198663, 0.295217, 0.342619, 0.358218, 0.458728, 0.505273, 0.563215, 0.605749, 0.735428, 0.719025, 0.749908, 0.825207, 0.819585, 0.867098, 0.936043, 0.987704, 1.042516, ]
	 CI LB in the last trial: [-0.054441, 0.020996, 0.028289, 0.101624, 0.130227, 0.190367, 0.287080, 0.306854, 0.334789, 0.367656, 0.441941, 0.425005, 0.534712, 0.627942, 0.646304, 0.771506, 0.816090, 0.853350, 0.914377, 0.964587, ]
----->
	 Cov Rate: 0.9476 	 (0.22283231363516381) 	Avg Len: 0.04336193245161451 	 (4.575538874529625e-05) 
	 d: 20 	 n: 100000 	 R: 3 	 eta_0: 0.01 	 alpha: 0.501 	 # Trials: 500
	 True solution:           [0.000000, 0.052632, 0.105263, 0.157895, 0.210526, 0.263158, 0.315789, 0.368421, 0.421053, 0.473684, 0.526316, 0.578947, 0.631579, 0.684211, 0.736842, 0.789474, 0.842105, 0.894737, 0.947368, 1.000000, ]
	 center in last trial:    [-0.001460, 0.053204, 0.097631, 0.150651, 0.207693, 0.263330, 0.317555, 0.369453, 0.416404, 0.470741, 0.525078, 0.577876, 0.631854, 0.682324, 0.734578, 0.792817, 0.838085, 0.894960, 0.946703, 1.001413, ]
	 CI UB in the last trial: [0.008244, 0.095776, 0.139066, 0.181723, 0.272277, 0.319415, 0.364027, 0.402031, 0.446368, 0.494041, 0.547135, 0.648421, 0.656174, 0.707732, 0.744425, 0.812747, 0.847812, 0.906694, 0.964939, 1.030651, ]
	 CI LB in the last trial: [-0.011164, 0.010632, 0.056196, 0.119580, 0.143109, 0.207246, 0.271082, 0.336874, 0.386439, 0.447441, 0.503021, 0.507331, 0.607535, 0.656917, 0.724730, 0.772886, 0.828359, 0.883226, 0.928467, 0.972175, ]
----->
	 Cov Rate: 0.9535 	 (0.21056531053333552) 	Avg Len: 0.1482097468058424 	 (0.00010680360402428621) 
	 d: 20 	 n: 100000 	 R: 5 	 eta_0: 0.5 	 alpha: 0.501 	 # Trials: 500
	 True solution:           [0.000000, 0.052632, 0.105263, 0.157895, 0.210526, 0.263158, 0.315789, 0.368421, 0.421053, 0.473684, 0.526316, 0.578947, 0.631579, 0.684211, 0.736842, 0.789474, 0.842105, 0.894737, 0.947368, 1.000000, ]
	 center in last trial:    [0.010590, 0.080464, 0.072744, 0.140331, 0.254964, 0.263084, 0.288881, 0.413049, 0.406992, 0.483338, 0.554991, 0.552993, 0.645609, 0.705020, 0.752321, 0.770073, 0.856756, 0.899780, 0.981257, 0.955456, ]
	 CI UB in the last trial: [0.176604, 0.264876, 0.345312, 0.210330, 0.288052, 0.385428, 0.328222, 0.578318, 0.517245, 0.580333, 0.700011, 0.845579, 0.733196, 0.814780, 0.989289, 1.016079, 1.014304, 1.017753, 1.067739, 1.145043, ]
	 CI LB in the last trial: [-0.155424, -0.103947, -0.199824, 0.070332, 0.221876, 0.140740, 0.249540, 0.247780, 0.296740, 0.386343, 0.409972, 0.260406, 0.558022, 0.595259, 0.515353, 0.524068, 0.699209, 0.781807, 0.894774, 0.765870, ]
----->
	 Cov Rate: 0.9499 	 (0.21815130070664257) 	Avg Len: 0.06610281225123193 	 (4.7931399024937636e-05) 
	 d: 20 	 n: 100000 	 R: 5 	 eta_0: 0.1 	 alpha: 0.501 	 # Trials: 500
	 True solution:           [0.000000, 0.052632, 0.105263, 0.157895, 0.210526, 0.263158, 0.315789, 0.368421, 0.421053, 0.473684, 0.526316, 0.578947, 0.631579, 0.684211, 0.736842, 0.789474, 0.842105, 0.894737, 0.947368, 1.000000, ]
	 center in last trial:    [0.002263, 0.065209, 0.091859, 0.142748, 0.223711, 0.266604, 0.319221, 0.396103, 0.416636, 0.468293, 0.529753, 0.574254, 0.627662, 0.689849, 0.740156, 0.798045, 0.841650, 0.893567, 0.957840, 0.996260, ]
	 CI UB in the last trial: [0.090070, 0.085529, 0.199397, 0.189935, 0.308766, 0.323858, 0.343825, 0.466910, 0.474073, 0.532828, 0.609731, 0.698192, 0.687081, 0.747788, 0.829775, 0.853835, 0.932963, 0.933035, 0.986992, 1.083230, ]
	 CI LB in the last trial: [-0.085545, 0.044890, -0.015679, 0.095561, 0.138656, 0.209350, 0.294617, 0.325295, 0.359199, 0.403759, 0.449775, 0.450316, 0.568243, 0.631910, 0.650536, 0.742254, 0.750337, 0.854098, 0.928689, 0.909290, ]
----->
	 Cov Rate: 0.9489 	 (0.22020170299068986) 	Avg Len: 0.047020331957448494 	 (3.406975839780175e-05) 
	 d: 20 	 n: 100000 	 R: 5 	 eta_0: 0.05 	 alpha: 0.501 	 # Trials: 500
	 True solution:           [0.000000, 0.052632, 0.105263, 0.157895, 0.210526, 0.263158, 0.315789, 0.368421, 0.421053, 0.473684, 0.526316, 0.578947, 0.631579, 0.684211, 0.736842, 0.789474, 0.842105, 0.894737, 0.947368, 1.000000, ]
	 center in last trial:    [-0.002002, 0.056229, 0.094586, 0.150143, 0.212722, 0.266493, 0.322649, 0.382791, 0.420031, 0.465436, 0.523845, 0.580217, 0.626869, 0.688925, 0.735755, 0.795545, 0.841594, 0.894696, 0.951040, 1.003551, ]
	 CI UB in the last trial: [0.049660, 0.075005, 0.157154, 0.178365, 0.285223, 0.302989, 0.340708, 0.434165, 0.466145, 0.512342, 0.564439, 0.666016, 0.672241, 0.737790, 0.798285, 0.829269, 0.893053, 0.920538, 0.979160, 1.065556, ]
	 CI LB in the last trial: [-0.053663, 0.037453, 0.032019, 0.121921, 0.140220, 0.229997, 0.304590, 0.331416, 0.373917, 0.418529, 0.483251, 0.494417, 0.581496, 0.640060, 0.673225, 0.761822, 0.790135, 0.868855, 0.922920, 0.941546, ]
----->
	 Cov Rate: 0.942 	 (0.23374344910606587) 	Avg Len: 0.02965972638369477 	 (2.2106192412011957e-05) 
	 d: 20 	 n: 100000 	 R: 5 	 eta_0: 0.01 	 alpha: 0.501 	 # Trials: 500
	 True solution:           [0.000000, 0.052632, 0.105263, 0.157895, 0.210526, 0.263158, 0.315789, 0.368421, 0.421053, 0.473684, 0.526316, 0.578947, 0.631579, 0.684211, 0.736842, 0.789474, 0.842105, 0.894737, 0.947368, 1.000000, ]
	 center in last trial:    [-0.001460, 0.053204, 0.097631, 0.150651, 0.207693, 0.263330, 0.317555, 0.369453, 0.416404, 0.470741, 0.525078, 0.577876, 0.631854, 0.682324, 0.734578, 0.792817, 0.838085, 0.894960, 0.946703, 1.001413, ]
	 CI UB in the last trial: [0.007602, 0.078483, 0.118848, 0.171383, 0.242656, 0.291773, 0.352491, 0.391101, 0.433889, 0.490016, 0.539506, 0.615319, 0.645729, 0.700615, 0.748776, 0.807065, 0.852577, 0.903305, 0.971069, 1.027595, ]
	 CI LB in the last trial: [-0.010522, 0.027925, 0.076415, 0.129920, 0.172730, 0.234888, 0.282618, 0.347805, 0.398919, 0.451466, 0.510650, 0.540433, 0.617979, 0.664034, 0.720379, 0.778568, 0.823594, 0.886615, 0.922336, 0.975231, ]
----->
	 Cov Rate: 0.9528 	 (0.21206640469437868) 	Avg Len: 0.12475207737277806 	 (5.95583770590477e-05) 
	 d: 20 	 n: 100000 	 R: 10 	 eta_0: 0.5 	 alpha: 0.501 	 # Trials: 500
	 True solution:           [0.000000, 0.052632, 0.105263, 0.157895, 0.210526, 0.263158, 0.315789, 0.368421, 0.421053, 0.473684, 0.526316, 0.578947, 0.631579, 0.684211, 0.736842, 0.789474, 0.842105, 0.894737, 0.947368, 1.000000, ]
	 center in last trial:    [0.010590, 0.080464, 0.072744, 0.140331, 0.254964, 0.263084, 0.288881, 0.413049, 0.406992, 0.483338, 0.554991, 0.552993, 0.645609, 0.705020, 0.752321, 0.770073, 0.856756, 0.899780, 0.981257, 0.955456, ]
	 CI UB in the last trial: [0.162955, 0.242164, 0.252441, 0.270341, 0.329646, 0.396005, 0.394061, 0.527471, 0.483761, 0.621179, 0.664983, 0.726639, 0.773435, 0.809629, 0.894971, 0.936806, 0.982353, 1.005790, 1.068103, 1.119248, ]
	 CI LB in the last trial: [-0.141774, -0.081235, -0.106952, 0.010321, 0.180283, 0.130163, 0.183702, 0.298628, 0.330224, 0.345497, 0.444999, 0.379347, 0.517783, 0.600410, 0.609672, 0.603340, 0.731160, 0.793770, 0.894411, 0.791665, ]
----->
	 Cov Rate: 0.9503 	 (0.21732443488940675) 	Avg Len: 0.05558359957247818 	 (2.6756413112157234e-05) 
	 d: 20 	 n: 100000 	 R: 10 	 eta_0: 0.1 	 alpha: 0.501 	 # Trials: 500
	 True solution:           [0.000000, 0.052632, 0.105263, 0.157895, 0.210526, 0.263158, 0.315789, 0.368421, 0.421053, 0.473684, 0.526316, 0.578947, 0.631579, 0.684211, 0.736842, 0.789474, 0.842105, 0.894737, 0.947368, 1.000000, ]
	 center in last trial:    [0.002263, 0.065209, 0.091859, 0.142748, 0.223711, 0.266604, 0.319221, 0.396103, 0.416636, 0.468293, 0.529753, 0.574254, 0.627662, 0.689849, 0.740156, 0.798045, 0.841650, 0.893567, 0.957840, 0.996260, ]
	 CI UB in the last trial: [0.071968, 0.117996, 0.162665, 0.196272, 0.289039, 0.317403, 0.351454, 0.461270, 0.454140, 0.538101, 0.604938, 0.663779, 0.679824, 0.734650, 0.807921, 0.841744, 0.910658, 0.933649, 1.004416, 1.054591, ]
	 CI LB in the last trial: [-0.067443, 0.012423, 0.021052, 0.089223, 0.158383, 0.215805, 0.286988, 0.330935, 0.379132, 0.398485, 0.454569, 0.484729, 0.575500, 0.645048, 0.672391, 0.754346, 0.772642, 0.853484, 0.911264, 0.937928, ]
----->
	 Cov Rate: 0.9488 	 (0.2204054445788488) 	Avg Len: 0.03953805305471306 	 (1.9074283205134007e-05) 
	 d: 20 	 n: 100000 	 R: 10 	 eta_0: 0.05 	 alpha: 0.501 	 # Trials: 500
	 True solution:           [0.000000, 0.052632, 0.105263, 0.157895, 0.210526, 0.263158, 0.315789, 0.368421, 0.421053, 0.473684, 0.526316, 0.578947, 0.631579, 0.684211, 0.736842, 0.789474, 0.842105, 0.894737, 0.947368, 1.000000, ]
	 center in last trial:    [-0.002002, 0.056229, 0.094586, 0.150143, 0.212722, 0.266493, 0.322649, 0.382791, 0.420031, 0.465436, 0.523845, 0.580217, 0.626869, 0.688925, 0.735755, 0.795545, 0.841594, 0.894696, 0.951040, 1.003551, ]
	 CI UB in the last trial: [0.042508, 0.088977, 0.138470, 0.184417, 0.265588, 0.300326, 0.341823, 0.433932, 0.453260, 0.515701, 0.570647, 0.644525, 0.660856, 0.723322, 0.783521, 0.822305, 0.885465, 0.927454, 0.982658, 1.044456, ]
	 CI LB in the last trial: [-0.046511, 0.023482, 0.050702, 0.115869, 0.159855, 0.232660, 0.303475, 0.331650, 0.386801, 0.415170, 0.477043, 0.515908, 0.592881, 0.654528, 0.687989, 0.768786, 0.797723, 0.861939, 0.919423, 0.962647, ]
----->
	 Cov Rate: 0.942 	 (0.23374344910606587) 	Avg Len: 0.02501553806679405 	 (1.2462628811973623e-05) 
	 d: 20 	 n: 100000 	 R: 10 	 eta_0: 0.01 	 alpha: 0.501 	 # Trials: 500
	 True solution:           [0.000000, 0.052632, 0.105263, 0.157895, 0.210526, 0.263158, 0.315789, 0.368421, 0.421053, 0.473684, 0.526316, 0.578947, 0.631579, 0.684211, 0.736842, 0.789474, 0.842105, 0.894737, 0.947368, 1.000000, ]
	 center in last trial:    [-0.001460, 0.053204, 0.097631, 0.150651, 0.207693, 0.263330, 0.317555, 0.369453, 0.416404, 0.470741, 0.525078, 0.577876, 0.631854, 0.682324, 0.734578, 0.792817, 0.838085, 0.894960, 0.946703, 1.001413, ]
	 CI UB in the last trial: [0.016805, 0.070307, 0.130521, 0.173063, 0.236376, 0.289665, 0.348757, 0.395107, 0.432736, 0.489257, 0.546862, 0.607071, 0.651588, 0.694622, 0.756835, 0.824519, 0.856987, 0.913999, 0.965892, 1.020206, ]
	 CI LB in the last trial: [-0.019725, 0.036101, 0.064741, 0.128240, 0.179010, 0.236996, 0.286353, 0.343799, 0.400072, 0.452225, 0.503294, 0.548682, 0.612121, 0.670026, 0.712321, 0.761114, 0.819183, 0.875921, 0.927514, 0.982620, ]
