----->
	 Cov Rate: 0.5079 	 (0.49993758610450567) 	Avg Len: 0.01356704010576792 	 (1.2290584148055475e-07) 
	 d: 20 	 n: 100000 	 R: N.A. 	 eta_0: 0.5 	 alpha: 0.501 	 # Trials: 500
	 True solution:           [0.000000, 0.052632, 0.105263, 0.157895, 0.210526, 0.263158, 0.315789, 0.368421, 0.421053, 0.473684, 0.526316, 0.578947, 0.631579, 0.684211, 0.736842, 0.789474, 0.842105, 0.894737, 0.947368, 1.000000, ]
	 center in last trial:    [-0.004101, 0.061408, 0.105523, 0.151163, 0.212553, 0.255830, 0.318466, 0.370183, 0.426371, 0.463367, 0.520352, 0.584677, 0.632006, 0.680765, 0.732252, 0.793308, 0.837969, 0.891364, 0.941236, 1.009345, ]
	 CI UB in the last trial: [0.009492, 0.074853, 0.119057, 0.164718, 0.226172, 0.269315, 0.332049, 0.383762, 0.439899, 0.476907, 0.533990, 0.598185, 0.645560, 0.694345, 0.745882, 0.806918, 0.851548, 0.904944, 0.954859, 1.022892, ]
	 CI LB in the last trial: [-0.017694, 0.047963, 0.091989, 0.137608, 0.198935, 0.242345, 0.304882, 0.356603, 0.412843, 0.449827, 0.506714, 0.571170, 0.618452, 0.667184, 0.718623, 0.779698, 0.824390, 0.877784, 0.927613, 0.995797, ]
----->
	 Cov Rate: 0.9394 	 (0.2385951382572579) 	Avg Len: 0.01356704010576792 	 (1.2290584148055475e-07) 
	 d: 20 	 n: 100000 	 R: N.A. 	 eta_0: 0.1 	 alpha: 0.501 	 # Trials: 500
	 True solution:           [0.000000, 0.052632, 0.105263, 0.157895, 0.210526, 0.263158, 0.315789, 0.368421, 0.421053, 0.473684, 0.526316, 0.578947, 0.631579, 0.684211, 0.736842, 0.789474, 0.842105, 0.894737, 0.947368, 1.000000, ]
	 center in last trial:    [-0.002492, 0.053657, 0.109070, 0.153615, 0.211739, 0.258862, 0.316505, 0.370647, 0.422939, 0.466812, 0.524204, 0.581509, 0.629801, 0.683611, 0.735221, 0.788739, 0.845845, 0.892769, 0.944082, 1.001843, ]
	 CI UB in the last trial: [0.011101, 0.067102, 0.122604, 0.167170, 0.225358, 0.272347, 0.330089, 0.384227, 0.436467, 0.480352, 0.537842, 0.595016, 0.643355, 0.697191, 0.748850, 0.802349, 0.859424, 0.906349, 0.957704, 1.015390, ]
	 CI LB in the last trial: [-0.016086, 0.040211, 0.095536, 0.140061, 0.198121, 0.245377, 0.302921, 0.357068, 0.409411, 0.453271, 0.510566, 0.568001, 0.616247, 0.670031, 0.721591, 0.775129, 0.832266, 0.879190, 0.930459, 0.988296, ]
----->
	 Cov Rate: 0.9215 	 (0.26895678091470393) 	Avg Len: 0.01356704010576792 	 (1.2290584148055475e-07) 
	 d: 20 	 n: 100000 	 R: N.A. 	 eta_0: 0.05 	 alpha: 0.501 	 # Trials: 500
	 True solution:           [0.000000, 0.052632, 0.105263, 0.157895, 0.210526, 0.263158, 0.315789, 0.368421, 0.421053, 0.473684, 0.526316, 0.578947, 0.631579, 0.684211, 0.736842, 0.789474, 0.842105, 0.894737, 0.947368, 1.000000, ]
	 center in last trial:    [-0.001443, 0.054325, 0.109122, 0.153702, 0.213219, 0.260628, 0.317592, 0.370920, 0.422738, 0.468002, 0.523869, 0.580575, 0.629970, 0.684679, 0.733541, 0.786916, 0.845334, 0.892109, 0.942500, 1.000299, ]
	 CI UB in the last trial: [0.012150, 0.067771, 0.122656, 0.167257, 0.226838, 0.274113, 0.331176, 0.384500, 0.436266, 0.481543, 0.537507, 0.594082, 0.643524, 0.698260, 0.747171, 0.800526, 0.858913, 0.905689, 0.956123, 1.013846, ]
	 CI LB in the last trial: [-0.015036, 0.040880, 0.095588, 0.140148, 0.199601, 0.247143, 0.304008, 0.357340, 0.409210, 0.454462, 0.510231, 0.567067, 0.616416, 0.671099, 0.719912, 0.773305, 0.831755, 0.878530, 0.928877, 0.986751, ]
----->
	 Cov Rate: 0.1655 	 (0.3716312015964214) 	Avg Len: 0.01356704010576792 	 (1.2290584148055475e-07) 
	 d: 20 	 n: 100000 	 R: N.A. 	 eta_0: 0.01 	 alpha: 0.501 	 # Trials: 500
	 True solution:           [0.000000, 0.052632, 0.105263, 0.157895, 0.210526, 0.263158, 0.315789, 0.368421, 0.421053, 0.473684, 0.526316, 0.578947, 0.631579, 0.684211, 0.736842, 0.789474, 0.842105, 0.894737, 0.947368, 1.000000, ]
	 center in last trial:    [0.036738, 0.088159, 0.128506, 0.175972, 0.241924, 0.290241, 0.334978, 0.378423, 0.420617, 0.475188, 0.517702, 0.571849, 0.618558, 0.673853, 0.705215, 0.756049, 0.821318, 0.864968, 0.905334, 0.957584, ]
	 CI UB in the last trial: [0.050331, 0.101604, 0.142040, 0.189526, 0.255543, 0.303726, 0.348561, 0.392002, 0.434146, 0.488729, 0.531340, 0.585357, 0.632112, 0.687434, 0.718844, 0.769659, 0.834897, 0.878548, 0.918957, 0.971131, ]
	 CI LB in the last trial: [0.023145, 0.074714, 0.114972, 0.162417, 0.228306, 0.276756, 0.321394, 0.364843, 0.407089, 0.461648, 0.504064, 0.558342, 0.605004, 0.660273, 0.691585, 0.742439, 0.807739, 0.851389, 0.891711, 0.944037, ]
