----->
	 Cov Rate: 1.0 	 (0.0) 	Avg Len: 226.34064430148769 	 (2.5048327347273354) 
	 d: 20 	 n: 10000 	 B: 5 	 eta_0: 0.5 	 alpha: 0.501 	 # Trials: 500
	 True solution:           [0.000000, 0.052632, 0.105263, 0.157895, 0.210526, 0.263158, 0.315789, 0.368421, 0.421053, 0.473684, 0.526316, 0.578947, 0.631579, 0.684211, 0.736842, 0.789474, 0.842105, 0.894737, 0.947368, 1.000000, ]
	 center in last trial:    [-0.015867, 0.035067, 0.145202, 0.137776, 0.258720, 0.240643, 0.319258, 0.300502, 0.493200, 0.466643, 0.493386, 0.601073, 0.620611, 0.708071, 0.746549, 0.746848, 0.904642, 0.866626, 0.910186, 1.026745, ]
	 CI UB in the last trial: [149.932147, 112.457783, 179.684369, 119.326261, 42.739556, 116.063466, 166.635132, 53.966318, 259.340436, 257.478492, 238.992516, 76.001721, 230.963374, 85.127701, 5.550047, 72.385896, 89.930875, 79.848636, 144.351098, 162.445917, ]
	 CI LB in the last trial: [-149.963882, -112.387649, -179.393964, -119.050708, -42.222116, -115.582180, -165.996617, -53.365315, -258.354037, -256.545206, -238.005744, -74.799575, -229.722151, -83.711559, -4.056949, -70.892201, -88.121591, -78.115383, -142.530725, -160.392427, ]
----->
	 Cov Rate: 0.9717 	 (0.1658285560450914) 	Avg Len: 0.11505541064919449 	 (0.00013992623160347947) 
	 d: 20 	 n: 10000 	 B: 5 	 eta_0: 0.1 	 alpha: 0.501 	 # Trials: 500
	 True solution:           [0.000000, 0.052632, 0.105263, 0.157895, 0.210526, 0.263158, 0.315789, 0.368421, 0.421053, 0.473684, 0.526316, 0.578947, 0.631579, 0.684211, 0.736842, 0.789474, 0.842105, 0.894737, 0.947368, 1.000000, ]
	 center in last trial:    [-0.011876, 0.058990, 0.115393, 0.149603, 0.221461, 0.255658, 0.295629, 0.387501, 0.449517, 0.469156, 0.491611, 0.621689, 0.623393, 0.674055, 0.744889, 0.786788, 0.845669, 0.900790, 0.925967, 0.994150, ]
	 CI UB in the last trial: [0.076234, 0.143907, 0.254656, 0.265658, 0.329305, 0.382506, 0.459044, 0.519824, 0.524646, 0.593851, 0.608442, 0.796230, 0.764633, 0.741234, 0.801236, 0.861801, 0.890206, 1.094856, 1.078373, 1.148170, ]
	 CI LB in the last trial: [-0.099987, -0.025927, -0.023869, 0.033547, 0.113617, 0.128810, 0.132213, 0.255177, 0.374387, 0.344460, 0.374780, 0.447148, 0.482153, 0.606876, 0.688542, 0.711775, 0.801133, 0.706725, 0.773561, 0.840130, ]
----->
	 Cov Rate: 0.959 	 (0.19829019138626097) 	Avg Len: 0.1317372421414699 	 (0.00014278622241415076) 
	 d: 20 	 n: 10000 	 B: 5 	 eta_0: 0.05 	 alpha: 0.501 	 # Trials: 500
	 True solution:           [0.000000, 0.052632, 0.105263, 0.157895, 0.210526, 0.263158, 0.315789, 0.368421, 0.421053, 0.473684, 0.526316, 0.578947, 0.631579, 0.684211, 0.736842, 0.789474, 0.842105, 0.894737, 0.947368, 1.000000, ]
	 center in last trial:    [-0.024567, 0.068907, 0.115754, 0.152825, 0.214868, 0.256603, 0.288779, 0.386124, 0.451795, 0.470205, 0.499142, 0.613556, 0.623973, 0.664422, 0.746638, 0.791219, 0.838529, 0.910084, 0.913849, 0.986596, ]
	 CI UB in the last trial: [0.046950, 0.142002, 0.271908, 0.302663, 0.365094, 0.404394, 0.512390, 0.535209, 0.569593, 0.626122, 0.678072, 0.822536, 0.778860, 0.746914, 0.809490, 0.921068, 0.919789, 1.162342, 1.155108, 1.157154, ]
	 CI LB in the last trial: [-0.096084, -0.004187, -0.040399, 0.002987, 0.064643, 0.108812, 0.065169, 0.237039, 0.333997, 0.314288, 0.320212, 0.404577, 0.469087, 0.581930, 0.683786, 0.661369, 0.757270, 0.657827, 0.672591, 0.816038, ]
----->
	 Cov Rate: 0.7978 	 (0.401640585598617) 	Avg Len: 0.1547334698171958 	 (0.0001453749545504874) 
	 d: 20 	 n: 10000 	 B: 5 	 eta_0: 0.01 	 alpha: 0.501 	 # Trials: 500
	 True solution:           [0.000000, 0.052632, 0.105263, 0.157895, 0.210526, 0.263158, 0.315789, 0.368421, 0.421053, 0.473684, 0.526316, 0.578947, 0.631579, 0.684211, 0.736842, 0.789474, 0.842105, 0.894737, 0.947368, 1.000000, ]
	 center in last trial:    [-0.031949, 0.071262, 0.117618, 0.163002, 0.201515, 0.220514, 0.244666, 0.357582, 0.434790, 0.468646, 0.493809, 0.531286, 0.580980, 0.608341, 0.703640, 0.759844, 0.808387, 0.871554, 0.837251, 0.815612, ]
	 CI UB in the last trial: [0.107007, 0.194180, 0.263051, 0.296945, 0.326010, 0.325527, 0.384602, 0.456614, 0.644712, 0.650431, 0.619810, 0.667845, 0.754495, 0.758231, 0.812406, 1.053629, 0.979739, 1.067043, 0.976117, 0.998981, ]
	 CI LB in the last trial: [-0.170905, -0.051656, -0.027815, 0.029058, 0.077021, 0.115500, 0.104730, 0.258551, 0.224869, 0.286861, 0.367808, 0.394727, 0.407464, 0.458451, 0.594873, 0.466059, 0.637035, 0.676065, 0.698384, 0.632243, ]
----->
	 Cov Rate: 1.0 	 (0.0) 	Avg Len: 743.7067697413299 	 (6.144078356737043) 
	 d: 20 	 n: 2000 	 B: 5 	 eta_0: 0.5 	 alpha: 0.501 	 # Trials: 500
	 True solution:           [0.000000, 0.052632, 0.105263, 0.157895, 0.210526, 0.263158, 0.315789, 0.368421, 0.421053, 0.473684, 0.526316, 0.578947, 0.631579, 0.684211, 0.736842, 0.789474, 0.842105, 0.894737, 0.947368, 1.000000, ]
	 center in last trial:    [-0.124914, -0.103343, 0.476795, -0.019108, 0.235452, 0.301350, 0.342062, -0.036383, 0.675211, 0.497922, 0.435626, 0.519797, 0.441602, 0.907419, 0.707427, 0.532289, 1.371410, 0.597441, 0.803038, 1.260701, ]
	 CI UB in the last trial: [8.659374, 23.042459, 5.572195, 10.165973, 15.626793, 20.427103, 9.089694, 2.831010, 10.080414, 10.234045, 20.343350, 16.733582, 29.410082, 23.610485, 17.575904, 35.446280, 16.967567, 13.552187, 20.179373, 7.156681, ]
	 CI LB in the last trial: [-8.909201, -23.249145, -4.618606, -10.204189, -15.155889, -19.824403, -8.405570, -2.903776, -8.729992, -9.238201, -19.472098, -15.693988, -28.526878, -21.795646, -16.161050, -34.381702, -14.224748, -12.357305, -18.573296, -4.635279, ]
----->
	 Cov Rate: 0.9755 	 (0.15459543977750442) 	Avg Len: 0.41468032763646445 	 (0.0006163906918676149) 
	 d: 20 	 n: 2000 	 B: 5 	 eta_0: 0.1 	 alpha: 0.501 	 # Trials: 500
	 True solution:           [0.000000, 0.052632, 0.105263, 0.157895, 0.210526, 0.263158, 0.315789, 0.368421, 0.421053, 0.473684, 0.526316, 0.578947, 0.631579, 0.684211, 0.736842, 0.789474, 0.842105, 0.894737, 0.947368, 1.000000, ]
	 center in last trial:    [-0.039847, 0.076400, 0.119709, 0.139876, 0.149383, 0.281936, 0.308004, 0.362214, 0.486572, 0.511929, 0.474993, 0.590620, 0.546568, 0.684496, 0.699215, 0.831805, 0.840066, 0.911687, 0.886438, 1.028356, ]
	 CI UB in the last trial: [0.614405, 1.118026, 0.557854, 0.416944, 0.699293, 0.907369, 0.832246, 1.790126, 1.605388, 0.865550, 1.335518, 1.274185, 0.833520, 0.972268, 1.147340, 1.133189, 2.292638, 1.512928, 1.366878, 1.324203, ]
	 CI LB in the last trial: [-0.694098, -0.965226, -0.318436, -0.137191, -0.400528, -0.343497, -0.216238, -1.065699, -0.632245, 0.158308, -0.385531, -0.092944, 0.259615, 0.396725, 0.251091, 0.530420, -0.612506, 0.310446, 0.405997, 0.732508, ]
----->
	 Cov Rate: 0.9544 	 (0.20861601089082302) 	Avg Len: 0.3571847173113938 	 (0.0004035457854680644) 
	 d: 20 	 n: 2000 	 B: 5 	 eta_0: 0.05 	 alpha: 0.501 	 # Trials: 500
	 True solution:           [0.000000, 0.052632, 0.105263, 0.157895, 0.210526, 0.263158, 0.315789, 0.368421, 0.421053, 0.473684, 0.526316, 0.578947, 0.631579, 0.684211, 0.736842, 0.789474, 0.842105, 0.894737, 0.947368, 1.000000, ]
	 center in last trial:    [-0.065906, 0.079368, 0.117914, 0.149283, 0.158068, 0.262903, 0.274721, 0.362746, 0.498581, 0.525264, 0.505705, 0.535703, 0.544809, 0.655101, 0.678877, 0.858419, 0.822741, 0.911589, 0.868447, 0.973686, ]
	 CI UB in the last trial: [0.321619, 0.513912, 0.644077, 0.481456, 0.676797, 0.613369, 0.704051, 1.097475, 1.254745, 0.897484, 1.029049, 1.066223, 1.006193, 0.898297, 1.162084, 1.277378, 1.809020, 1.405047, 1.771176, 1.310146, ]
	 CI LB in the last trial: [-0.453431, -0.355176, -0.408250, -0.182890, -0.360661, -0.087564, -0.154609, -0.371983, -0.257582, 0.153043, -0.017639, 0.005182, 0.083426, 0.411904, 0.195669, 0.439460, -0.163538, 0.418132, -0.034282, 0.637226, ]
----->
	 Cov Rate: 0.5241 	 (0.49941885226731275) 	Avg Len: 0.2463791282536779 	 (0.00022684330777417042) 
	 d: 20 	 n: 2000 	 B: 5 	 eta_0: 0.01 	 alpha: 0.501 	 # Trials: 500
	 True solution:           [0.000000, 0.052632, 0.105263, 0.157895, 0.210526, 0.263158, 0.315789, 0.368421, 0.421053, 0.473684, 0.526316, 0.578947, 0.631579, 0.684211, 0.736842, 0.789474, 0.842105, 0.894737, 0.947368, 1.000000, ]
	 center in last trial:    [-0.050536, 0.054780, 0.097352, 0.151821, 0.157347, 0.162551, 0.170391, 0.284267, 0.400153, 0.445354, 0.423263, 0.360408, 0.398828, 0.461362, 0.532267, 0.664312, 0.671083, 0.707908, 0.646652, 0.600872, ]
	 CI UB in the last trial: [0.240105, 0.217629, 0.353336, 0.346461, 0.282715, 0.314479, 0.488233, 0.526444, 0.818368, 0.855221, 0.587905, 0.614133, 0.795801, 0.720109, 0.734824, 1.365517, 1.192743, 1.341491, 0.923141, 0.866576, ]
	 CI LB in the last trial: [-0.341176, -0.108070, -0.158632, -0.042819, 0.031978, 0.010624, -0.147452, 0.042089, -0.018063, 0.035487, 0.258622, 0.106682, 0.001856, 0.202616, 0.329711, -0.036893, 0.149423, 0.074325, 0.370163, 0.335169, ]
