----->
	 Cov Rate: 0.9998 	 (0.014140721339450825) 	Avg Len: 14.528778632110729 	 (0.07412751435976703) 
	 d: 20 	 n: 2000 	 B: 5 	 eta_0: 0.5 	 alpha: 0.501 	 # Trials: 500
	 True solution:           [0.000000, 0.052632, 0.105263, 0.157895, 0.210526, 0.263158, 0.315789, 0.368421, 0.421053, 0.473684, 0.526316, 0.578947, 0.631579, 0.684211, 0.736842, 0.789474, 0.842105, 0.894737, 0.947368, 1.000000, ]
	 center in last trial:    [-0.906171, -0.188868, -0.464813, 0.924736, 0.024552, 1.385171, 0.748132, 0.025099, 0.196807, -0.191370, 0.815313, 0.611878, 0.018503, -0.598253, 0.406538, 0.611967, 1.309530, 1.710517, 1.804538, 2.021695, ]
	 CI UB in the last trial: [19.319915, 6.203173, 5.184367, 7.931270, 3.760773, 20.365482, 6.908509, 9.980423, 5.233833, 5.688093, 3.579351, 4.545910, 7.117787, 9.283866, 7.844198, 7.097978, 6.253861, 10.786877, 9.727731, 11.215479, ]
	 CI LB in the last trial: [-21.132257, -6.580908, -6.113993, -6.081797, -3.711669, -17.595141, -5.412245, -9.930226, -4.840219, -6.070833, -1.948725, -3.322154, -7.080782, -10.480372, -7.031122, -5.874044, -3.634801, -7.365842, -6.118656, -7.172088, ]
----->
	 Cov Rate: 0.9929 	 (0.08396183656876496) 	Avg Len: 0.23238264867990882 	 (0.00019311474390771262) 
	 d: 20 	 n: 2000 	 B: 5 	 eta_0: 0.1 	 alpha: 0.501 	 # Trials: 500
	 True solution:           [0.000000, 0.052632, 0.105263, 0.157895, 0.210526, 0.263158, 0.315789, 0.368421, 0.421053, 0.473684, 0.526316, 0.578947, 0.631579, 0.684211, 0.736842, 0.789474, 0.842105, 0.894737, 0.947368, 1.000000, ]
	 center in last trial:    [0.010540, 0.073874, 0.122222, 0.163533, 0.270505, 0.255810, 0.347162, 0.351871, 0.416716, 0.495573, 0.538858, 0.558136, 0.612471, 0.639546, 0.713565, 0.786418, 0.847178, 0.894392, 0.926033, 0.964869, ]
	 CI UB in the last trial: [0.275672, 0.391315, 0.291141, 0.543022, 0.537240, 0.612284, 0.610661, 0.621261, 0.815113, 0.714103, 0.896885, 0.743539, 0.717067, 0.964015, 0.875812, 1.133812, 1.010575, 1.160901, 1.313643, 1.176479, ]
	 CI LB in the last trial: [-0.254591, -0.243566, -0.046698, -0.215955, 0.003771, -0.100665, 0.083664, 0.082481, 0.018318, 0.277042, 0.180832, 0.372733, 0.507876, 0.315078, 0.551318, 0.439024, 0.683780, 0.627883, 0.538424, 0.753260, ]
----->
	 Cov Rate: 0.9673 	 (0.17785024599364488) 	Avg Len: 0.30664449924086384 	 (0.00023677681696913902) 
	 d: 20 	 n: 2000 	 B: 5 	 eta_0: 0.05 	 alpha: 0.501 	 # Trials: 500
	 True solution:           [0.000000, 0.052632, 0.105263, 0.157895, 0.210526, 0.263158, 0.315789, 0.368421, 0.421053, 0.473684, 0.526316, 0.578947, 0.631579, 0.684211, 0.736842, 0.789474, 0.842105, 0.894737, 0.947368, 1.000000, ]
	 center in last trial:    [0.048993, 0.121277, 0.144297, 0.182668, 0.310503, 0.307351, 0.373644, 0.347608, 0.421487, 0.500265, 0.513235, 0.550384, 0.610338, 0.617778, 0.684818, 0.748519, 0.816788, 0.857704, 0.869951, 0.905633, ]
	 CI UB in the last trial: [0.446983, 0.573852, 0.410515, 0.674147, 0.569827, 0.637635, 0.609419, 0.739974, 0.812623, 0.779937, 0.954158, 0.667331, 0.782630, 1.028765, 0.940025, 1.108313, 1.056532, 1.208113, 1.344893, 1.156674, ]
	 CI LB in the last trial: [-0.348997, -0.331298, -0.121921, -0.308812, 0.051180, -0.022933, 0.137868, -0.044758, 0.030351, 0.220592, 0.072312, 0.433436, 0.438046, 0.206791, 0.429611, 0.388725, 0.577045, 0.507295, 0.395010, 0.654592, ]
----->
	 Cov Rate: 0.4469 	 (0.49717239464797314) 	Avg Len: 0.3014687248255119 	 (0.00022625607933302182) 
	 d: 20 	 n: 2000 	 B: 5 	 eta_0: 0.01 	 alpha: 0.501 	 # Trials: 500
	 True solution:           [0.000000, 0.052632, 0.105263, 0.157895, 0.210526, 0.263158, 0.315789, 0.368421, 0.421053, 0.473684, 0.526316, 0.578947, 0.631579, 0.684211, 0.736842, 0.789474, 0.842105, 0.894737, 0.947368, 1.000000, ]
	 center in last trial:    [0.243489, 0.296862, 0.264596, 0.310927, 0.390820, 0.389891, 0.393631, 0.372225, 0.410328, 0.450105, 0.438458, 0.458628, 0.496485, 0.505024, 0.506643, 0.537222, 0.580465, 0.606597, 0.595707, 0.596008, ]
	 CI UB in the last trial: [0.552774, 0.707589, 0.726947, 0.563139, 0.499631, 0.571636, 0.529025, 0.700500, 0.641955, 0.747135, 0.710313, 0.615670, 0.623874, 0.970472, 0.864056, 0.681940, 0.971379, 0.936122, 1.046878, 0.867502, ]
	 CI LB in the last trial: [-0.065796, -0.113866, -0.197754, 0.058715, 0.282009, 0.208147, 0.258236, 0.043949, 0.178701, 0.153074, 0.166602, 0.301587, 0.369096, 0.039577, 0.149230, 0.392504, 0.189550, 0.277073, 0.144537, 0.324513, ]
----->
	 Cov Rate: 0.9999 	 (0.009999499987499378) 	Avg Len: 2.8750336039213935 	 (0.015255302029763195) 
	 d: 20 	 n: 10000 	 B: 5 	 eta_0: 0.5 	 alpha: 0.501 	 # Trials: 500
	 True solution:           [0.000000, 0.052632, 0.105263, 0.157895, 0.210526, 0.263158, 0.315789, 0.368421, 0.421053, 0.473684, 0.526316, 0.578947, 0.631579, 0.684211, 0.736842, 0.789474, 0.842105, 0.894737, 0.947368, 1.000000, ]
	 center in last trial:    [-0.266620, -0.025982, -0.004934, 0.345749, 0.172719, 0.567129, 0.436448, 0.265292, 0.363325, 0.291554, 0.604311, 0.579341, 0.474725, 0.378018, 0.631867, 0.729229, 0.969506, 1.106734, 1.164396, 1.254639, ]
	 CI UB in the last trial: [4.833085, 1.534092, 1.247444, 2.081858, 1.068678, 5.467592, 1.952072, 2.721174, 1.589758, 1.742737, 1.195907, 1.436497, 2.351748, 2.996807, 2.449195, 2.250686, 2.188035, 3.516409, 3.201861, 3.679493, ]
	 CI LB in the last trial: [-5.366325, -1.586055, -1.257313, -1.390359, -0.723240, -4.333334, -1.079177, -2.190590, -0.863108, -1.159630, 0.012716, -0.277814, -1.402299, -2.240771, -1.185462, -0.792229, -0.249024, -1.302940, -0.873069, -1.170214, ]
----->
	 Cov Rate: 0.9943 	 (0.07528286657666539) 	Avg Len: 0.07035652019036365 	 (5.292719666614534e-05) 
	 d: 20 	 n: 10000 	 B: 5 	 eta_0: 0.1 	 alpha: 0.501 	 # Trials: 500
	 True solution:           [0.000000, 0.052632, 0.105263, 0.157895, 0.210526, 0.263158, 0.315789, 0.368421, 0.421053, 0.473684, 0.526316, 0.578947, 0.631579, 0.684211, 0.736842, 0.789474, 0.842105, 0.894737, 0.947368, 1.000000, ]
	 center in last trial:    [0.004542, 0.049654, 0.116395, 0.155869, 0.233397, 0.259752, 0.321396, 0.369344, 0.417353, 0.462515, 0.530727, 0.572241, 0.621577, 0.686357, 0.720340, 0.782536, 0.844366, 0.904007, 0.949365, 0.992696, ]
	 CI UB in the last trial: [0.074539, 0.187264, 0.174497, 0.217567, 0.402838, 0.376957, 0.438899, 0.444704, 0.490112, 0.522139, 0.613935, 0.599695, 0.699875, 0.751277, 0.797314, 0.838929, 0.856649, 0.982655, 1.007609, 1.077580, ]
	 CI LB in the last trial: [-0.065455, -0.087955, 0.058293, 0.094172, 0.063957, 0.142546, 0.203894, 0.293983, 0.344593, 0.402890, 0.447518, 0.544788, 0.543280, 0.621437, 0.643365, 0.726144, 0.832084, 0.825360, 0.891121, 0.907811, ]
----->
	 Cov Rate: 0.9785 	 (0.1450439588538592) 	Avg Len: 0.08774570110130214 	 (6.644496583363185e-05) 
	 d: 20 	 n: 10000 	 B: 5 	 eta_0: 0.05 	 alpha: 0.501 	 # Trials: 500
	 True solution:           [0.000000, 0.052632, 0.105263, 0.157895, 0.210526, 0.263158, 0.315789, 0.368421, 0.421053, 0.473684, 0.526316, 0.578947, 0.631579, 0.684211, 0.736842, 0.789474, 0.842105, 0.894737, 0.947368, 1.000000, ]
	 center in last trial:    [0.013694, 0.061407, 0.122140, 0.158374, 0.245170, 0.271526, 0.328825, 0.369142, 0.417066, 0.463471, 0.525278, 0.570749, 0.621887, 0.681243, 0.712611, 0.772437, 0.838069, 0.896362, 0.935455, 0.977850, ]
	 CI UB in the last trial: [0.133559, 0.241059, 0.182929, 0.288887, 0.427591, 0.400193, 0.449929, 0.482698, 0.505136, 0.541799, 0.611159, 0.603286, 0.709344, 0.767305, 0.813738, 0.868614, 0.863442, 0.985770, 1.028629, 1.070215, ]
	 CI LB in the last trial: [-0.106172, -0.118246, 0.061352, 0.027861, 0.062748, 0.142860, 0.207722, 0.255586, 0.328996, 0.385143, 0.439397, 0.538213, 0.534430, 0.595181, 0.611484, 0.676261, 0.812695, 0.806954, 0.842282, 0.885486, ]
----->
	 Cov Rate: 0.457 	 (0.4981475684975286) 	Avg Len: 0.1825553888939163 	 (0.00013689798171761183) 
	 d: 20 	 n: 10000 	 B: 5 	 eta_0: 0.01 	 alpha: 0.501 	 # Trials: 500
	 True solution:           [0.000000, 0.052632, 0.105263, 0.157895, 0.210526, 0.263158, 0.315789, 0.368421, 0.421053, 0.473684, 0.526316, 0.578947, 0.631579, 0.684211, 0.736842, 0.789474, 0.842105, 0.894737, 0.947368, 1.000000, ]
	 center in last trial:    [0.172745, 0.213945, 0.225612, 0.259874, 0.349868, 0.359042, 0.380856, 0.399443, 0.428385, 0.467988, 0.499105, 0.528176, 0.576538, 0.613404, 0.610342, 0.650526, 0.707167, 0.753729, 0.761762, 0.776061, ]
	 CI UB in the last trial: [0.393692, 0.538158, 0.505579, 0.451265, 0.521049, 0.498652, 0.501638, 0.611855, 0.551070, 0.552740, 0.569128, 0.644367, 0.689466, 0.842307, 0.809060, 0.812213, 0.917455, 0.963909, 1.024751, 0.976000, ]
	 CI LB in the last trial: [-0.048202, -0.110268, -0.054355, 0.068482, 0.178687, 0.219431, 0.260074, 0.187030, 0.305701, 0.383235, 0.429083, 0.411985, 0.463611, 0.384501, 0.411623, 0.488839, 0.496878, 0.543550, 0.498772, 0.576122, ]
