----->
	 Cov Rate: 1.0 	 (0.0) 	Avg Len: 273.9239121245264 	 (3.329039990186506) 
	 d: 20 	 n: 10000 	 B: 10 	 eta_0: 0.5 	 alpha: 0.501 	 # Trials: 500
	 True solution:           [0.000000, 0.052632, 0.105263, 0.157895, 0.210526, 0.263158, 0.315789, 0.368421, 0.421053, 0.473684, 0.526316, 0.578947, 0.631579, 0.684211, 0.736842, 0.789474, 0.842105, 0.894737, 0.947368, 1.000000, ]
	 center in last trial:    [0.015205, 0.025522, 0.139120, 0.152022, 0.258466, 0.229482, 0.344175, 0.320647, 0.454986, 0.453777, 0.553996, 0.572891, 0.627369, 0.682005, 0.755458, 0.770755, 0.860068, 0.858779, 0.965512, 1.005331, ]
	 CI UB in the last trial: [25.476637, 144.473071, 56.071802, 26.561778, 75.325847, 48.770890, 33.563431, 28.846304, 70.529336, 62.718688, 92.132776, 32.842376, 68.373988, 131.930543, 29.862469, 58.607647, 68.167233, 42.870626, 26.833717, 35.805294, ]
	 CI LB in the last trial: [-25.446226, -144.422026, -55.793562, -26.257735, -74.808914, -48.311926, -32.875082, -28.205009, -69.619364, -61.811133, -91.024785, -31.696595, -67.119250, -130.566534, -28.351553, -57.066138, -66.447097, -41.153068, -24.902693, -33.794632, ]
----->
	 Cov Rate: 0.9761 	 (0.15273765089197885) 	Avg Len: 0.10544650788082156 	 (0.00011367088837115625) 
	 d: 20 	 n: 10000 	 B: 10 	 eta_0: 0.1 	 alpha: 0.501 	 # Trials: 500
	 True solution:           [0.000000, 0.052632, 0.105263, 0.157895, 0.210526, 0.263158, 0.315789, 0.368421, 0.421053, 0.473684, 0.526316, 0.578947, 0.631579, 0.684211, 0.736842, 0.789474, 0.842105, 0.894737, 0.947368, 1.000000, ]
	 center in last trial:    [0.000486, 0.048235, 0.131159, 0.136598, 0.243981, 0.249121, 0.310496, 0.378045, 0.412258, 0.467527, 0.522080, 0.602545, 0.609247, 0.668213, 0.741443, 0.794580, 0.821181, 0.910427, 0.928364, 1.010134, ]
	 CI UB in the last trial: [0.105994, 0.159603, 0.217427, 0.213118, 0.318668, 0.353497, 0.420334, 0.503519, 0.471208, 0.542164, 0.650423, 0.780750, 0.735402, 0.740495, 0.817367, 0.864415, 0.900514, 1.067351, 1.019133, 1.082091, ]
	 CI LB in the last trial: [-0.105022, -0.063133, 0.044891, 0.060077, 0.169293, 0.144745, 0.200659, 0.252571, 0.353307, 0.392891, 0.393736, 0.424340, 0.483091, 0.595930, 0.665518, 0.724744, 0.741848, 0.753502, 0.837596, 0.938177, ]
----->
	 Cov Rate: 0.9612 	 (0.19311799501858962) 	Avg Len: 0.11720596018971234 	 (0.00010235770667272314) 
	 d: 20 	 n: 10000 	 B: 10 	 eta_0: 0.05 	 alpha: 0.501 	 # Trials: 500
	 True solution:           [0.000000, 0.052632, 0.105263, 0.157895, 0.210526, 0.263158, 0.315789, 0.368421, 0.421053, 0.473684, 0.526316, 0.578947, 0.631579, 0.684211, 0.736842, 0.789474, 0.842105, 0.894737, 0.947368, 1.000000, ]
	 center in last trial:    [-0.011574, 0.051530, 0.139074, 0.134832, 0.242717, 0.249230, 0.302761, 0.375795, 0.417267, 0.468761, 0.529113, 0.589353, 0.611354, 0.660682, 0.735447, 0.807410, 0.811104, 0.918515, 0.912988, 1.007609, ]
	 CI UB in the last trial: [0.090328, 0.144412, 0.256412, 0.222447, 0.350725, 0.356825, 0.408687, 0.493078, 0.488766, 0.574871, 0.675879, 0.798814, 0.767925, 0.754978, 0.830655, 0.895714, 0.905405, 1.172581, 1.135824, 1.130123, ]
	 CI LB in the last trial: [-0.113476, -0.041352, 0.021737, 0.047216, 0.134708, 0.141635, 0.196835, 0.258512, 0.345767, 0.362652, 0.382346, 0.379893, 0.454784, 0.566386, 0.640239, 0.719105, 0.716803, 0.664449, 0.690152, 0.885095, ]
----->
	 Cov Rate: 0.7836 	 (0.4117900435901772) 	Avg Len: 0.13573315360134838 	 (9.919674147572671e-05) 
	 d: 20 	 n: 10000 	 B: 10 	 eta_0: 0.01 	 alpha: 0.501 	 # Trials: 500
	 True solution:           [0.000000, 0.052632, 0.105263, 0.157895, 0.210526, 0.263158, 0.315789, 0.368421, 0.421053, 0.473684, 0.526316, 0.578947, 0.631579, 0.684211, 0.736842, 0.789474, 0.842105, 0.894737, 0.947368, 1.000000, ]
	 center in last trial:    [-0.030048, 0.052028, 0.135739, 0.163248, 0.229841, 0.221139, 0.246831, 0.348881, 0.418926, 0.475660, 0.513856, 0.513983, 0.566492, 0.598762, 0.683922, 0.779628, 0.794424, 0.877384, 0.837756, 0.833883, ]
	 CI UB in the last trial: [0.083006, 0.192186, 0.318876, 0.250547, 0.352580, 0.344415, 0.373084, 0.446993, 0.582199, 0.671144, 0.636341, 0.634057, 0.725370, 0.706092, 0.749692, 0.977763, 0.916377, 1.094287, 1.041738, 0.972252, ]
	 CI LB in the last trial: [-0.143101, -0.088130, -0.047398, 0.075949, 0.107101, 0.097864, 0.120579, 0.250769, 0.255652, 0.280176, 0.391371, 0.393908, 0.407615, 0.491433, 0.618152, 0.581493, 0.672472, 0.660480, 0.633774, 0.695514, ]
----->
	 Cov Rate: 1.0 	 (0.0) 	Avg Len: 1987.229563060657 	 (14.631065797511283) 
	 d: 20 	 n: 1000 	 B: 10 	 eta_0: 0.5 	 alpha: 0.501 	 # Trials: 500
	 True solution:           [0.000000, 0.052632, 0.105263, 0.157895, 0.210526, 0.263158, 0.315789, 0.368421, 0.421053, 0.473684, 0.526316, 0.578947, 0.631579, 0.684211, 0.736842, 0.789474, 0.842105, 0.894737, 0.947368, 1.000000, ]
	 center in last trial:    [0.050166, -0.275244, 0.558051, 0.090762, 0.244999, 0.248434, 0.588388, -0.231705, 1.000010, 0.134113, 1.007704, 0.115529, 0.729199, 0.702434, 0.898012, 0.575057, 1.741153, 0.103292, 1.057245, 1.162143, ]
	 CI UB in the last trial: [116.492251, 89.411376, 275.898548, 124.236989, 110.540714, 137.027039, 192.204998, 312.199110, 131.193130, 125.174501, 115.584843, 100.441623, 229.327263, 337.638028, 229.417764, 358.220968, 280.283234, 178.016953, 138.218225, 153.263552, ]
	 CI LB in the last trial: [-116.391919, -89.961863, -274.782446, -124.055465, -110.050716, -136.530172, -191.028223, -312.662519, -129.193111, -124.906274, -113.569435, -100.210566, -227.868864, -336.233159, -227.621740, -357.070855, -276.800927, -177.810370, -136.103735, -150.939266, ]
----->
	 Cov Rate: 0.9866 	 (0.11498017220373259) 	Avg Len: 0.6123746515073366 	 (0.0008100383800534667) 
	 d: 20 	 n: 1000 	 B: 10 	 eta_0: 0.1 	 alpha: 0.501 	 # Trials: 500
	 True solution:           [0.000000, 0.052632, 0.105263, 0.157895, 0.210526, 0.263158, 0.315789, 0.368421, 0.421053, 0.473684, 0.526316, 0.578947, 0.631579, 0.684211, 0.736842, 0.789474, 0.842105, 0.894737, 0.947368, 1.000000, ]
	 center in last trial:    [0.011419, 0.009502, 0.167432, 0.123292, 0.287484, 0.252290, 0.275666, 0.408823, 0.510307, 0.476673, 0.516612, 0.544859, 0.555188, 0.592354, 0.790235, 0.855287, 0.875077, 0.885585, 0.815776, 0.996739, ]
	 CI UB in the last trial: [0.340337, 0.539663, 0.708682, 0.599911, 0.812575, 0.614275, 0.657216, 0.799610, 0.927314, 0.900593, 1.075956, 0.824711, 1.007578, 1.100903, 1.064787, 1.273025, 1.371605, 1.351998, 1.304513, 1.509292, ]
	 CI LB in the last trial: [-0.317500, -0.520658, -0.373819, -0.353326, -0.237608, -0.109695, -0.105883, 0.018037, 0.093301, 0.052753, -0.042732, 0.265007, 0.102798, 0.083805, 0.515683, 0.437550, 0.378550, 0.419172, 0.327038, 0.484185, ]
----->
	 Cov Rate: 0.9523 	 (0.2131307345269565) 	Avg Len: 0.44771248855680734 	 (0.0004572373948588494) 
	 d: 20 	 n: 1000 	 B: 10 	 eta_0: 0.05 	 alpha: 0.501 	 # Trials: 500
	 True solution:           [0.000000, 0.052632, 0.105263, 0.157895, 0.210526, 0.263158, 0.315789, 0.368421, 0.421053, 0.473684, 0.526316, 0.578947, 0.631579, 0.684211, 0.736842, 0.789474, 0.842105, 0.894737, 0.947368, 1.000000, ]
	 center in last trial:    [-0.030507, 0.026681, 0.143274, 0.162954, 0.273488, 0.219822, 0.230489, 0.391354, 0.534645, 0.517898, 0.542167, 0.479518, 0.533765, 0.564968, 0.760547, 0.902099, 0.837966, 0.875082, 0.802499, 0.903936, ]
	 CI UB in the last trial: [0.239154, 0.415305, 0.505466, 0.522241, 0.657447, 0.497312, 0.549711, 0.651158, 0.890371, 0.914774, 0.889065, 0.728774, 0.938178, 0.961940, 0.961068, 1.253003, 1.289017, 1.258796, 1.257175, 1.407794, ]
	 CI LB in the last trial: [-0.300168, -0.361944, -0.218918, -0.196332, -0.110470, -0.057668, -0.088733, 0.131551, 0.178918, 0.121023, 0.195270, 0.230262, 0.129353, 0.167995, 0.560026, 0.551195, 0.386916, 0.491367, 0.347823, 0.400078, ]
----->
	 Cov Rate: 0.3884 	 (0.4873863354670502) 	Avg Len: 0.25531466698692096 	 (0.00020660891957949794) 
	 d: 20 	 n: 1000 	 B: 10 	 eta_0: 0.01 	 alpha: 0.501 	 # Trials: 500
	 True solution:           [0.000000, 0.052632, 0.105263, 0.157895, 0.210526, 0.263158, 0.315789, 0.368421, 0.421053, 0.473684, 0.526316, 0.578947, 0.631579, 0.684211, 0.736842, 0.789474, 0.842105, 0.894737, 0.947368, 1.000000, ]
	 center in last trial:    [-0.039106, 0.029198, 0.088381, 0.149651, 0.178984, 0.123925, 0.125951, 0.255587, 0.382107, 0.397302, 0.385178, 0.299179, 0.335492, 0.362413, 0.486650, 0.597344, 0.580597, 0.594487, 0.530210, 0.489457, ]
	 CI UB in the last trial: [0.145320, 0.262939, 0.331237, 0.311632, 0.408074, 0.249063, 0.282749, 0.494938, 0.660084, 0.724071, 0.754861, 0.489356, 0.545734, 0.567457, 0.688494, 0.910924, 0.909139, 0.907354, 0.813850, 0.779574, ]
	 CI LB in the last trial: [-0.223531, -0.204543, -0.154475, -0.012330, -0.050105, -0.001214, -0.030846, 0.016236, 0.104131, 0.070533, 0.015495, 0.109002, 0.125249, 0.157369, 0.284806, 0.283764, 0.252055, 0.281621, 0.246571, 0.199341, ]
