----->
	 Cov Rate: 0.4543 	 (0.4979071298947225) 	Avg Len: 0.03921810449124227 	 (1.127625960642005e-06) 
	 d: 20 	 n: 10000 	 R: N.A. 	 eta_0: 0.5 	 alpha: 0.501 	 # Trials: 500
	 True solution:           [0.000000, 0.052632, 0.105263, 0.157895, 0.210526, 0.263158, 0.315789, 0.368421, 0.421053, 0.473684, 0.526316, 0.578947, 0.631579, 0.684211, 0.736842, 0.789474, 0.842105, 0.894737, 0.947368, 1.000000, ]
	 center in last trial:    [0.056329, 0.139206, 0.042190, 0.127288, 0.189645, 0.236285, 0.294016, 0.419978, 0.417850, 0.448903, 0.474786, 0.517369, 0.658812, 0.640044, 0.735651, 0.785766, 0.822895, 0.866407, 1.032751, 1.088931, ]
	 CI UB in the last trial: [0.095456, 0.179418, 0.081891, 0.165568, 0.228916, 0.274757, 0.332849, 0.458381, 0.457009, 0.488119, 0.513985, 0.556813, 0.697670, 0.679429, 0.774602, 0.824393, 0.861819, 0.905328, 1.072173, 1.128872, ]
	 CI LB in the last trial: [0.017203, 0.098994, 0.002488, 0.089007, 0.150374, 0.197813, 0.255183, 0.381576, 0.378691, 0.409687, 0.435588, 0.477925, 0.619955, 0.600659, 0.696700, 0.747139, 0.783971, 0.827487, 0.993329, 1.048989, ]
----->
	 Cov Rate: 0.9061 	 (0.2916895438647056) 	Avg Len: 0.03921810449124227 	 (1.127625960642005e-06) 
	 d: 20 	 n: 10000 	 R: N.A. 	 eta_0: 0.1 	 alpha: 0.501 	 # Trials: 500
	 True solution:           [0.000000, 0.052632, 0.105263, 0.157895, 0.210526, 0.263158, 0.315789, 0.368421, 0.421053, 0.473684, 0.526316, 0.578947, 0.631579, 0.684211, 0.736842, 0.789474, 0.842105, 0.894737, 0.947368, 1.000000, ]
	 center in last trial:    [0.008915, 0.068261, 0.102538, 0.153714, 0.210481, 0.254562, 0.304721, 0.373320, 0.437905, 0.464956, 0.520184, 0.583191, 0.636434, 0.683275, 0.770340, 0.784678, 0.839858, 0.900040, 0.951787, 0.999435, ]
	 CI UB in the last trial: [0.048042, 0.108473, 0.142240, 0.191994, 0.249752, 0.293034, 0.343554, 0.411723, 0.477064, 0.504172, 0.559382, 0.622634, 0.675292, 0.722660, 0.809290, 0.823305, 0.878782, 0.938961, 0.991209, 1.039376, ]
	 CI LB in the last trial: [-0.030212, 0.028049, 0.062837, 0.115434, 0.171210, 0.216089, 0.265887, 0.334917, 0.398746, 0.425740, 0.480986, 0.543747, 0.597577, 0.643890, 0.731389, 0.746051, 0.800934, 0.861119, 0.912365, 0.959494, ]
----->
	 Cov Rate: 0.7152 	 (0.45131913320842054) 	Avg Len: 0.03921810449124227 	 (1.127625960642005e-06) 
	 d: 20 	 n: 10000 	 R: N.A. 	 eta_0: 0.05 	 alpha: 0.501 	 # Trials: 500
	 True solution:           [0.000000, 0.052632, 0.105263, 0.157895, 0.210526, 0.263158, 0.315789, 0.368421, 0.421053, 0.473684, 0.526316, 0.578947, 0.631579, 0.684211, 0.736842, 0.789474, 0.842105, 0.894737, 0.947368, 1.000000, ]
	 center in last trial:    [0.003890, 0.077095, 0.099896, 0.155142, 0.214024, 0.256562, 0.299486, 0.366709, 0.435188, 0.453406, 0.514146, 0.575286, 0.625769, 0.674555, 0.766927, 0.772696, 0.833059, 0.886580, 0.938458, 0.980231, ]
	 CI UB in the last trial: [0.043017, 0.117307, 0.139598, 0.193423, 0.253295, 0.295034, 0.338319, 0.405112, 0.474347, 0.492622, 0.553344, 0.614730, 0.664626, 0.713940, 0.805878, 0.811323, 0.871983, 0.925500, 0.977879, 1.020172, ]
	 CI LB in the last trial: [-0.035237, 0.036882, 0.060195, 0.116862, 0.174753, 0.218089, 0.260653, 0.328306, 0.396029, 0.414190, 0.474948, 0.535842, 0.586911, 0.635170, 0.727977, 0.734069, 0.794135, 0.847659, 0.899036, 0.940290, ]
----->
	 Cov Rate: 0.0768 	 (0.26627384400274845) 	Avg Len: 0.03921810449124227 	 (1.127625960642005e-06) 
	 d: 20 	 n: 10000 	 R: N.A. 	 eta_0: 0.01 	 alpha: 0.501 	 # Trials: 500
	 True solution:           [0.000000, 0.052632, 0.105263, 0.157895, 0.210526, 0.263158, 0.315789, 0.368421, 0.421053, 0.473684, 0.526316, 0.578947, 0.631579, 0.684211, 0.736842, 0.789474, 0.842105, 0.894737, 0.947368, 1.000000, ]
	 center in last trial:    [-0.006650, 0.101785, 0.067202, 0.115970, 0.175649, 0.203316, 0.217593, 0.269870, 0.324967, 0.316126, 0.364761, 0.403478, 0.450398, 0.478783, 0.574310, 0.554165, 0.623917, 0.627036, 0.671476, 0.685245, ]
	 CI UB in the last trial: [0.032477, 0.141997, 0.106903, 0.154250, 0.214920, 0.241788, 0.256427, 0.308272, 0.364126, 0.355342, 0.403959, 0.442922, 0.489256, 0.518167, 0.613261, 0.592792, 0.662841, 0.665957, 0.710898, 0.725186, ]
	 CI LB in the last trial: [-0.045776, 0.061573, 0.027500, 0.077690, 0.136378, 0.164843, 0.178760, 0.231467, 0.285808, 0.276910, 0.325563, 0.364034, 0.411541, 0.439398, 0.535360, 0.515538, 0.584993, 0.588115, 0.632054, 0.645304, ]
