----->
	 Cov Rate: 0.9986 	 (0.037390373092548834) 	Avg Len: 4.208298682851631 	 (0.0478070275269703) 
	 d: 20 	 n: 10000 	 M ratio: 0.25 	 eta_0: 0.5 	 alpha: 0.501 	 # Trials: 500
	 True solution:           [0.000000, 0.052632, 0.105263, 0.157895, 0.210526, 0.263158, 0.315789, 0.368421, 0.421053, 0.473684, 0.526316, 0.578947, 0.631579, 0.684211, 0.736842, 0.789474, 0.842105, 0.894737, 0.947368, 1.000000, ]
	 center in last trial:    [0.091395, 0.306049, -0.013186, -0.096794, 0.386654, 0.193522, 0.331506, 0.369328, 0.569319, 0.352918, 0.386712, 0.630099, 0.756474, 0.557819, 0.544398, 0.998715, 0.497292, 0.861790, 0.880139, 1.298769, ]
	 CI UB in the last trial: [2.112386, 3.068742, 1.044341, 2.423020, 2.625763, 1.840804, 1.106686, 0.729919, 1.885925, 1.253618, 1.814041, 1.404816, 1.910704, 1.556552, 3.414901, 2.874879, 4.410794, 1.262734, 1.853080, 4.199792, ]
	 CI LB in the last trial: [-1.929595, -2.456644, -1.070713, -2.616607, -1.852455, -1.453760, -0.443674, 0.008737, -0.747287, -0.547781, -1.040616, -0.144618, -0.397755, -0.440913, -2.326105, -0.877449, -3.416209, 0.460847, -0.092802, -1.602254, ]
----->
	 Cov Rate: 0.8878 	 (0.315612357172529) 	Avg Len: 0.05043036558457451 	 (5.487318959897992e-05) 
	 d: 20 	 n: 10000 	 M ratio: 0.25 	 eta_0: 0.1 	 alpha: 0.501 	 # Trials: 500
	 True solution:           [0.000000, 0.052632, 0.105263, 0.157895, 0.210526, 0.263158, 0.315789, 0.368421, 0.421053, 0.473684, 0.526316, 0.578947, 0.631579, 0.684211, 0.736842, 0.789474, 0.842105, 0.894737, 0.947368, 1.000000, ]
	 center in last trial:    [-0.005594, 0.058299, 0.099949, 0.170803, 0.223617, 0.276888, 0.324228, 0.370895, 0.416827, 0.487801, 0.525168, 0.567383, 0.617461, 0.646907, 0.734928, 0.782242, 0.840531, 0.896092, 0.936653, 1.002971, ]
	 CI UB in the last trial: [0.036796, 0.086209, 0.143563, 0.193554, 0.291950, 0.369610, 0.374648, 0.402879, 0.443976, 0.535393, 0.583162, 0.613195, 0.682861, 0.670064, 0.795631, 0.856054, 0.863740, 0.929869, 0.990055, 1.083293, ]
	 CI LB in the last trial: [-0.047983, 0.030389, 0.056334, 0.148051, 0.155285, 0.184165, 0.273808, 0.338912, 0.389679, 0.440209, 0.467174, 0.521571, 0.552061, 0.623750, 0.674226, 0.708430, 0.817321, 0.862316, 0.883250, 0.922650, ]
----->
	 Cov Rate: 0.7846 	 (0.41109954998759124) 	Avg Len: 0.04925579040094732 	 (5.575828495043132e-05) 
	 d: 20 	 n: 10000 	 M ratio: 0.25 	 eta_0: 0.05 	 alpha: 0.501 	 # Trials: 500
	 True solution:           [0.000000, 0.052632, 0.105263, 0.157895, 0.210526, 0.263158, 0.315789, 0.368421, 0.421053, 0.473684, 0.526316, 0.578947, 0.631579, 0.684211, 0.736842, 0.789474, 0.842105, 0.894737, 0.947368, 1.000000, ]
	 center in last trial:    [0.001206, 0.070156, 0.103102, 0.171190, 0.240947, 0.293477, 0.330947, 0.370015, 0.417108, 0.495209, 0.516328, 0.561205, 0.619860, 0.648323, 0.725314, 0.773566, 0.834556, 0.890225, 0.922185, 0.984779, ]
	 CI UB in the last trial: [0.045176, 0.110209, 0.122131, 0.185874, 0.334372, 0.393963, 0.390255, 0.392003, 0.435561, 0.539967, 0.574888, 0.611544, 0.669003, 0.656883, 0.797273, 0.844089, 0.871874, 0.921176, 1.010744, 1.094234, ]
	 CI LB in the last trial: [-0.042764, 0.030103, 0.084073, 0.156507, 0.147522, 0.192990, 0.271638, 0.348027, 0.398654, 0.450451, 0.457767, 0.510866, 0.570717, 0.639763, 0.653356, 0.703043, 0.797239, 0.859274, 0.833625, 0.875325, ]
----->
	 Cov Rate: 0.1109 	 (0.3140082642224564) 	Avg Len: 0.0682481319213216 	 (6.639704317114818e-05) 
	 d: 20 	 n: 10000 	 M ratio: 0.25 	 eta_0: 0.01 	 alpha: 0.501 	 # Trials: 500
	 True solution:           [0.000000, 0.052632, 0.105263, 0.157895, 0.210526, 0.263158, 0.315789, 0.368421, 0.421053, 0.473684, 0.526316, 0.578947, 0.631579, 0.684211, 0.736842, 0.789474, 0.842105, 0.894737, 0.947368, 1.000000, ]
	 center in last trial:    [0.157139, 0.219283, 0.204340, 0.262926, 0.367716, 0.397921, 0.397638, 0.388206, 0.430038, 0.501160, 0.468650, 0.522577, 0.565590, 0.598173, 0.616718, 0.639745, 0.709827, 0.760221, 0.742794, 0.766894, ]
	 CI UB in the last trial: [0.217814, 0.276989, 0.238138, 0.299948, 0.422065, 0.453133, 0.429683, 0.424903, 0.469155, 0.542331, 0.539462, 0.589533, 0.642215, 0.664930, 0.720661, 0.750723, 0.810656, 0.866856, 0.886966, 0.923456, ]
	 CI LB in the last trial: [0.096464, 0.161576, 0.170541, 0.225903, 0.313366, 0.342708, 0.365593, 0.351509, 0.390921, 0.459990, 0.397837, 0.455621, 0.488965, 0.531415, 0.512775, 0.528767, 0.608999, 0.653587, 0.598621, 0.610332, ]
