----->
	 Cov Rate: 1.0 	 (0.0) 	Avg Len: 16.825362343290198 	 (0.11361127628576878) 
	 d: 20 	 n: 10000 	 B: 10 	 eta_0: 0.5 	 alpha: 0.501 	 # Trials: 500
	 True solution:           [0.000000, 0.052632, 0.105263, 0.157895, 0.210526, 0.263158, 0.315789, 0.368421, 0.421053, 0.473684, 0.526316, 0.578947, 0.631579, 0.684211, 0.736842, 0.789474, 0.842105, 0.894737, 0.947368, 1.000000, ]
	 center in last trial:    [0.054798, 0.159066, 0.033614, 0.150297, 0.180817, 0.236171, 0.281223, 0.403200, 0.409789, 0.448829, 0.470572, 0.542844, 0.663318, 0.634930, 0.708958, 0.781769, 0.822727, 0.879835, 1.000261, 1.079235, ]
	 CI UB in the last trial: [15.484285, 6.328329, 4.099060, 4.886791, 7.929930, 7.458252, 8.621912, 7.041673, 17.935599, 10.060916, 6.004292, 5.117724, 3.409444, 4.600182, 8.066443, 7.853651, 5.217607, 7.134073, 5.659945, 10.604060, ]
	 CI LB in the last trial: [-15.374689, -6.010198, -4.031832, -4.586196, -7.568297, -6.985910, -8.059465, -6.235273, -17.116021, -9.163258, -5.063149, -4.032036, -2.082808, -3.330322, -6.648527, -6.290112, -3.572152, -5.374402, -3.659424, -8.445590, ]
----->
	 Cov Rate: 0.938 	 (0.24115555146004827) 	Avg Len: 0.048416725494572856 	 (2.7725130164475362e-05) 
	 d: 20 	 n: 10000 	 B: 10 	 eta_0: 0.1 	 alpha: 0.501 	 # Trials: 500
	 True solution:           [0.000000, 0.052632, 0.105263, 0.157895, 0.210526, 0.263158, 0.315789, 0.368421, 0.421053, 0.473684, 0.526316, 0.578947, 0.631579, 0.684211, 0.736842, 0.789474, 0.842105, 0.894737, 0.947368, 1.000000, ]
	 center in last trial:    [0.007783, 0.081433, 0.094791, 0.163622, 0.205801, 0.256617, 0.306873, 0.365647, 0.419021, 0.459880, 0.512010, 0.595679, 0.643827, 0.674730, 0.739512, 0.787930, 0.836456, 0.899691, 0.931380, 0.999263, ]
	 CI UB in the last trial: [0.065831, 0.169212, 0.140076, 0.231889, 0.283192, 0.330193, 0.354553, 0.437123, 0.475090, 0.520234, 0.585226, 0.648770, 0.716690, 0.714077, 0.791547, 0.852581, 0.901027, 0.936370, 0.976267, 1.054673, ]
	 CI LB in the last trial: [-0.050265, -0.006346, 0.049505, 0.095355, 0.128409, 0.183042, 0.259193, 0.294171, 0.362953, 0.399526, 0.438793, 0.542589, 0.570964, 0.635384, 0.687477, 0.723278, 0.771886, 0.863013, 0.886492, 0.943854, ]
----->
	 Cov Rate: 0.8292 	 (0.3763341068784492) 	Avg Len: 0.053063620060969194 	 (3.0097086184146235e-05) 
	 d: 20 	 n: 10000 	 B: 10 	 eta_0: 0.05 	 alpha: 0.501 	 # Trials: 500
	 True solution:           [0.000000, 0.052632, 0.105263, 0.157895, 0.210526, 0.263158, 0.315789, 0.368421, 0.421053, 0.473684, 0.526316, 0.578947, 0.631579, 0.684211, 0.736842, 0.789474, 0.842105, 0.894737, 0.947368, 1.000000, ]
	 center in last trial:    [0.003974, 0.088153, 0.093165, 0.161983, 0.207657, 0.259168, 0.305731, 0.358605, 0.415457, 0.446734, 0.506999, 0.583145, 0.635204, 0.667734, 0.737165, 0.780651, 0.830148, 0.886923, 0.916364, 0.978239, ]
	 CI UB in the last trial: [0.060659, 0.165926, 0.142172, 0.231630, 0.293786, 0.362865, 0.356045, 0.433479, 0.495814, 0.516840, 0.579248, 0.642780, 0.707500, 0.718900, 0.803554, 0.839659, 0.914762, 0.934496, 0.985539, 1.052319, ]
	 CI LB in the last trial: [-0.052710, 0.010380, 0.044157, 0.092335, 0.121528, 0.155471, 0.255417, 0.283731, 0.335100, 0.376629, 0.434749, 0.523510, 0.562907, 0.616569, 0.670776, 0.721643, 0.745533, 0.839350, 0.847190, 0.904160, ]
----->
	 Cov Rate: 0.1684 	 (0.37422111110946166) 	Avg Len: 0.09648813225119358 	 (6.216279835311898e-05) 
	 d: 20 	 n: 10000 	 B: 10 	 eta_0: 0.01 	 alpha: 0.501 	 # Trials: 500
	 True solution:           [0.000000, 0.052632, 0.105263, 0.157895, 0.210526, 0.263158, 0.315789, 0.368421, 0.421053, 0.473684, 0.526316, 0.578947, 0.631579, 0.684211, 0.736842, 0.789474, 0.842105, 0.894737, 0.947368, 1.000000, ]
	 center in last trial:    [-0.015109, 0.094995, 0.070150, 0.112607, 0.157974, 0.206451, 0.237189, 0.264219, 0.311430, 0.307525, 0.353097, 0.400474, 0.458758, 0.476275, 0.548177, 0.572075, 0.615609, 0.628501, 0.648974, 0.677871, ]
	 CI UB in the last trial: [0.060466, 0.199763, 0.157816, 0.241009, 0.353098, 0.403545, 0.378089, 0.374455, 0.465091, 0.440178, 0.516302, 0.511377, 0.612254, 0.612390, 0.729214, 0.720765, 0.879074, 0.765559, 0.803481, 0.792317, ]
	 CI LB in the last trial: [-0.090683, -0.009774, -0.017516, -0.015795, -0.037150, 0.009356, 0.096289, 0.153983, 0.157769, 0.174871, 0.189892, 0.289571, 0.305262, 0.340160, 0.367141, 0.423385, 0.352144, 0.491443, 0.494467, 0.563426, ]
