----->
	 Cov Rate: 0.2621 	 (0.43977675018127094) 	Avg Len: 0.04292482182330781 	 (1.2270102223987423e-06) 
	 d: 20 	 n: 10000 	 R: N.A. 	 eta_0: 0.5 	 alpha: 0.501 	 # Trials: 500
	 True solution:           [0.000000, 0.052632, 0.105263, 0.157895, 0.210526, 0.263158, 0.315789, 0.368421, 0.421053, 0.473684, 0.526316, 0.578947, 0.631579, 0.684211, 0.736842, 0.789474, 0.842105, 0.894737, 0.947368, 1.000000, ]
	 center in last trial:    [0.091395, 0.306049, -0.013186, -0.096794, 0.386654, 0.193522, 0.331506, 0.369328, 0.569319, 0.352918, 0.386712, 0.630099, 0.756474, 0.557819, 0.544398, 0.998715, 0.497292, 0.861790, 0.880139, 1.298769, ]
	 CI UB in the last trial: [0.133667, 0.350023, 0.028714, -0.053368, 0.428931, 0.236108, 0.374128, 0.412723, 0.612068, 0.395913, 0.430386, 0.671985, 0.799211, 0.599646, 0.587999, 1.040687, 0.539912, 0.905770, 0.922836, 1.341805, ]
	 CI LB in the last trial: [0.049124, 0.262075, -0.055086, -0.140219, 0.344377, 0.150937, 0.288883, 0.325932, 0.526571, 0.309924, 0.343039, 0.588213, 0.713737, 0.515992, 0.500796, 0.956743, 0.454672, 0.817810, 0.837442, 1.255733, ]
----->
	 Cov Rate: 0.8835 	 (0.3208235496343746) 	Avg Len: 0.04292482182330781 	 (1.2270102223987423e-06) 
	 d: 20 	 n: 10000 	 R: N.A. 	 eta_0: 0.1 	 alpha: 0.501 	 # Trials: 500
	 True solution:           [0.000000, 0.052632, 0.105263, 0.157895, 0.210526, 0.263158, 0.315789, 0.368421, 0.421053, 0.473684, 0.526316, 0.578947, 0.631579, 0.684211, 0.736842, 0.789474, 0.842105, 0.894737, 0.947368, 1.000000, ]
	 center in last trial:    [-0.005594, 0.058299, 0.099949, 0.170803, 0.223617, 0.276888, 0.324228, 0.370895, 0.416827, 0.487801, 0.525168, 0.567383, 0.617461, 0.646907, 0.734928, 0.782242, 0.840531, 0.896092, 0.936653, 1.002971, ]
	 CI UB in the last trial: [0.036678, 0.102273, 0.141849, 0.214228, 0.265894, 0.319473, 0.366851, 0.414291, 0.459576, 0.530795, 0.568842, 0.609269, 0.660198, 0.688734, 0.778530, 0.824214, 0.883151, 0.940072, 0.979350, 1.046008, ]
	 CI LB in the last trial: [-0.047865, 0.014325, 0.058049, 0.127377, 0.181340, 0.234302, 0.281606, 0.327500, 0.374079, 0.444807, 0.481495, 0.525497, 0.574724, 0.605080, 0.691327, 0.740270, 0.797911, 0.852113, 0.893956, 0.959935, ]
----->
	 Cov Rate: 0.7236 	 (0.44721699431036827) 	Avg Len: 0.04292482182330781 	 (1.2270102223987423e-06) 
	 d: 20 	 n: 10000 	 R: N.A. 	 eta_0: 0.05 	 alpha: 0.501 	 # Trials: 500
	 True solution:           [0.000000, 0.052632, 0.105263, 0.157895, 0.210526, 0.263158, 0.315789, 0.368421, 0.421053, 0.473684, 0.526316, 0.578947, 0.631579, 0.684211, 0.736842, 0.789474, 0.842105, 0.894737, 0.947368, 1.000000, ]
	 center in last trial:    [0.001206, 0.070156, 0.103102, 0.171190, 0.240947, 0.293477, 0.330947, 0.370015, 0.417108, 0.495209, 0.516328, 0.561205, 0.619860, 0.648323, 0.725314, 0.773566, 0.834556, 0.890225, 0.922185, 0.984779, ]
	 CI UB in the last trial: [0.043478, 0.114130, 0.145002, 0.214616, 0.283224, 0.336062, 0.373569, 0.413410, 0.459856, 0.538203, 0.560001, 0.603091, 0.662597, 0.690150, 0.768916, 0.815538, 0.877176, 0.934205, 0.964881, 1.027815, ]
	 CI LB in the last trial: [-0.041065, 0.026182, 0.061201, 0.127765, 0.198670, 0.250891, 0.288324, 0.326619, 0.374359, 0.452215, 0.472654, 0.519319, 0.577123, 0.606496, 0.681713, 0.731594, 0.791936, 0.846245, 0.879488, 0.941743, ]
----->
	 Cov Rate: 0.1056 	 (0.30732497457902763) 	Avg Len: 0.04292482182330781 	 (1.2270102223987423e-06) 
	 d: 20 	 n: 10000 	 R: N.A. 	 eta_0: 0.01 	 alpha: 0.501 	 # Trials: 500
	 True solution:           [0.000000, 0.052632, 0.105263, 0.157895, 0.210526, 0.263158, 0.315789, 0.368421, 0.421053, 0.473684, 0.526316, 0.578947, 0.631579, 0.684211, 0.736842, 0.789474, 0.842105, 0.894737, 0.947368, 1.000000, ]
	 center in last trial:    [0.157139, 0.219283, 0.204340, 0.262926, 0.367716, 0.397921, 0.397638, 0.388206, 0.430038, 0.501160, 0.468650, 0.522577, 0.565590, 0.598173, 0.616718, 0.639745, 0.709827, 0.760221, 0.742794, 0.766894, ]
	 CI UB in the last trial: [0.199411, 0.263256, 0.246240, 0.306351, 0.409992, 0.440506, 0.440260, 0.431602, 0.472786, 0.544155, 0.512323, 0.564463, 0.608327, 0.640000, 0.660319, 0.681717, 0.752447, 0.804201, 0.785490, 0.809930, ]
	 CI LB in the last trial: [0.114868, 0.175309, 0.162439, 0.219500, 0.325439, 0.355335, 0.355016, 0.344810, 0.387289, 0.458166, 0.424976, 0.480691, 0.522853, 0.556345, 0.573116, 0.597773, 0.667208, 0.716242, 0.700097, 0.723858, ]
