----->
	 Cov Rate: 1.0 	 (0.0) 	Avg Len: 196.93580873917577 	 (2.1102923379102574) 
	 d: 20 	 n: 10000 	 B: 10 	 eta_0: 0.5 	 alpha: 0.501 	 # Trials: 500
	 True solution:           [0.000000, 0.052632, 0.105263, 0.157895, 0.210526, 0.263158, 0.315789, 0.368421, 0.421053, 0.473684, 0.526316, 0.578947, 0.631579, 0.684211, 0.736842, 0.789474, 0.842105, 0.894737, 0.947368, 1.000000, ]
	 center in last trial:    [0.085220, 0.313263, 0.001873, -0.094914, 0.370465, 0.201651, 0.313756, 0.366461, 0.607100, 0.355861, 0.383947, 0.637815, 0.772551, 0.550459, 0.536102, 0.984463, 0.474769, 0.852742, 0.886841, 1.288166, ]
	 CI UB in the last trial: [213.287041, 42.485896, 281.829635, 179.116117, 171.201864, 190.404647, 279.385826, 188.357195, 89.139999, 168.236097, 145.993152, 29.488712, 130.287745, 301.116934, 174.386685, 45.543705, 101.612360, 102.980401, 134.744368, 127.392247, ]
	 CI LB in the last trial: [-213.116601, -41.859371, -281.825888, -179.305945, -170.460934, -190.001346, -278.758315, -187.624273, -87.925799, -167.524376, -145.225257, -28.213083, -128.742643, -300.016015, -173.314481, -43.574779, -100.662822, -101.274917, -132.970687, -124.815914, ]
----->
	 Cov Rate: 0.9547 	 (0.20796131851861296) 	Avg Len: 0.06599286390951523 	 (6.998343144234264e-05) 
	 d: 20 	 n: 10000 	 B: 10 	 eta_0: 0.1 	 alpha: 0.501 	 # Trials: 500
	 True solution:           [0.000000, 0.052632, 0.105263, 0.157895, 0.210526, 0.263158, 0.315789, 0.368421, 0.421053, 0.473684, 0.526316, 0.578947, 0.631579, 0.684211, 0.736842, 0.789474, 0.842105, 0.894737, 0.947368, 1.000000, ]
	 center in last trial:    [-0.000278, 0.052294, 0.123337, 0.170924, 0.217532, 0.287613, 0.309534, 0.362855, 0.444452, 0.486587, 0.524801, 0.569430, 0.623975, 0.655272, 0.729371, 0.762561, 0.825853, 0.890783, 0.949854, 0.986912, ]
	 CI UB in the last trial: [0.077580, 0.150470, 0.187848, 0.242319, 0.279976, 0.355529, 0.369121, 0.472701, 0.514491, 0.544985, 0.589543, 0.599576, 0.680288, 0.733431, 0.793042, 0.902365, 0.922274, 0.991671, 1.027991, 1.047776, ]
	 CI LB in the last trial: [-0.078135, -0.045882, 0.058826, 0.099529, 0.155088, 0.219697, 0.249946, 0.253008, 0.374412, 0.428189, 0.460060, 0.539284, 0.567662, 0.577113, 0.665700, 0.622756, 0.729432, 0.789896, 0.871717, 0.926048, ]
----->
	 Cov Rate: 0.8965 	 (0.3046108172734514) 	Avg Len: 0.07122955507552706 	 (5.798080765793194e-05) 
	 d: 20 	 n: 10000 	 B: 10 	 eta_0: 0.05 	 alpha: 0.501 	 # Trials: 500
	 True solution:           [0.000000, 0.052632, 0.105263, 0.157895, 0.210526, 0.263158, 0.315789, 0.368421, 0.421053, 0.473684, 0.526316, 0.578947, 0.631579, 0.684211, 0.736842, 0.789474, 0.842105, 0.894737, 0.947368, 1.000000, ]
	 center in last trial:    [0.011429, 0.058831, 0.126083, 0.166169, 0.238793, 0.305329, 0.319891, 0.358555, 0.442788, 0.493973, 0.518408, 0.563785, 0.626126, 0.658516, 0.719500, 0.752978, 0.820873, 0.887000, 0.931277, 0.968485, ]
	 CI UB in the last trial: [0.093955, 0.157367, 0.209001, 0.243556, 0.333890, 0.373470, 0.378575, 0.485994, 0.513031, 0.540462, 0.594597, 0.612664, 0.693777, 0.747724, 0.785193, 0.896578, 0.907869, 0.980408, 1.015143, 1.036106, ]
	 CI LB in the last trial: [-0.071098, -0.039705, 0.043165, 0.088782, 0.143696, 0.237189, 0.261207, 0.231116, 0.372546, 0.447484, 0.442219, 0.514906, 0.558476, 0.569308, 0.653806, 0.609377, 0.733876, 0.793591, 0.847411, 0.900865, ]
----->
	 Cov Rate: 0.3263 	 (0.4688585181054088) 	Avg Len: 0.13047470537662967 	 (0.00010147690357267582) 
	 d: 20 	 n: 10000 	 B: 10 	 eta_0: 0.01 	 alpha: 0.501 	 # Trials: 500
	 True solution:           [0.000000, 0.052632, 0.105263, 0.157895, 0.210526, 0.263158, 0.315789, 0.368421, 0.421053, 0.473684, 0.526316, 0.578947, 0.631579, 0.684211, 0.736842, 0.789474, 0.842105, 0.894737, 0.947368, 1.000000, ]
	 center in last trial:    [0.175553, 0.200578, 0.221356, 0.250308, 0.381270, 0.406766, 0.392374, 0.369856, 0.442242, 0.498811, 0.476177, 0.532734, 0.576025, 0.606413, 0.602801, 0.621385, 0.702527, 0.769212, 0.734170, 0.753425, ]
	 CI UB in the last trial: [0.327304, 0.329044, 0.364507, 0.405392, 0.596352, 0.580104, 0.509191, 0.533754, 0.556091, 0.658270, 0.626982, 0.599277, 0.749050, 0.806513, 0.724108, 0.806315, 0.837394, 0.975553, 0.866310, 0.911071, ]
	 CI LB in the last trial: [0.023802, 0.072111, 0.078205, 0.095223, 0.166188, 0.233429, 0.275557, 0.205959, 0.328394, 0.339352, 0.325371, 0.466192, 0.403001, 0.406313, 0.481493, 0.436454, 0.567660, 0.562870, 0.602031, 0.595779, ]
