----->
	 Cov Rate: 1.0 	 (0.0) 	Avg Len: 1003.2414533609982 	 (18.839421997112545) 
	 d: 20 	 n: 10000 	 B: 100 	 eta_0: 0.5 	 alpha: 0.501 	 # Trials: 500
	 True solution:           [0.000000, 0.052632, 0.105263, 0.157895, 0.210526, 0.263158, 0.315789, 0.368421, 0.421053, 0.473684, 0.526316, 0.578947, 0.631579, 0.684211, 0.736842, 0.789474, 0.842105, 0.894737, 0.947368, 1.000000, ]
	 center in last trial:    [-0.005369, 0.029361, 0.142874, 0.145232, 0.212000, 0.251963, 0.351172, 0.292743, 0.477903, 0.436568, 0.583839, 0.541459, 0.620654, 0.682893, 0.748403, 0.774026, 0.920341, 0.830876, 0.955920, 1.011089, ]
	 CI UB in the last trial: [48.758978, 24.121804, 26.417679, 24.272604, 20.935144, 37.667794, 36.612630, 36.882204, 54.843563, 18.399693, 21.374377, 20.824409, 24.100126, 54.259732, 45.408734, 58.714710, 49.721549, 37.021358, 22.300307, 28.862954, ]
	 CI LB in the last trial: [-48.769716, -24.063083, -26.131930, -23.982139, -20.511145, -37.163868, -35.910286, -36.296718, -53.887758, -17.526557, -20.206700, -19.741491, -22.858818, -52.893946, -43.911928, -57.166658, -47.880868, -35.359605, -20.388467, -26.840777, ]
----->
	 Cov Rate: 0.9858 	 (0.11831466519413392) 	Avg Len: 0.09905168584441254 	 (9.287229292698761e-05) 
	 d: 20 	 n: 10000 	 B: 100 	 eta_0: 0.1 	 alpha: 0.501 	 # Trials: 500
	 True solution:           [0.000000, 0.052632, 0.105263, 0.157895, 0.210526, 0.263158, 0.315789, 0.368421, 0.421053, 0.473684, 0.526316, 0.578947, 0.631579, 0.684211, 0.736842, 0.789474, 0.842105, 0.894737, 0.947368, 1.000000, ]
	 center in last trial:    [-0.008634, 0.062551, 0.103146, 0.145381, 0.218910, 0.246374, 0.321697, 0.351698, 0.436581, 0.469421, 0.531724, 0.590490, 0.600183, 0.674192, 0.737515, 0.797923, 0.831568, 0.920724, 0.926610, 0.999575, ]
	 CI UB in the last trial: [0.063678, 0.164676, 0.219092, 0.231265, 0.304938, 0.325768, 0.418717, 0.452199, 0.517494, 0.556010, 0.636467, 0.699395, 0.703065, 0.763967, 0.819941, 0.878547, 0.914522, 1.038562, 1.079949, 1.104826, ]
	 CI LB in the last trial: [-0.080945, -0.039575, -0.012800, 0.059497, 0.132882, 0.166979, 0.224676, 0.251196, 0.355668, 0.382832, 0.426981, 0.481585, 0.497300, 0.584416, 0.655089, 0.717299, 0.748615, 0.802886, 0.773270, 0.894325, ]
----->
	 Cov Rate: 0.9669 	 (0.1788977082022014) 	Avg Len: 0.10802647031290913 	 (7.837510921681881e-05) 
	 d: 20 	 n: 10000 	 B: 100 	 eta_0: 0.05 	 alpha: 0.501 	 # Trials: 500
	 True solution:           [0.000000, 0.052632, 0.105263, 0.157895, 0.210526, 0.263158, 0.315789, 0.368421, 0.421053, 0.473684, 0.526316, 0.578947, 0.631579, 0.684211, 0.736842, 0.789474, 0.842105, 0.894737, 0.947368, 1.000000, ]
	 center in last trial:    [-0.018740, 0.066522, 0.107238, 0.145333, 0.218123, 0.241713, 0.312693, 0.348733, 0.446460, 0.470541, 0.536168, 0.581066, 0.599869, 0.669971, 0.733225, 0.809541, 0.822046, 0.927392, 0.914674, 0.995179, ]
	 CI UB in the last trial: [0.062874, 0.179904, 0.234546, 0.233596, 0.307154, 0.322016, 0.415625, 0.457685, 0.539933, 0.568741, 0.661655, 0.717653, 0.725418, 0.768952, 0.834029, 0.921754, 0.919065, 1.073367, 1.124406, 1.114895, ]
	 CI LB in the last trial: [-0.100355, -0.046860, -0.020070, 0.057070, 0.129093, 0.161411, 0.209762, 0.239781, 0.352988, 0.372341, 0.410680, 0.444478, 0.474319, 0.570990, 0.632420, 0.697329, 0.725027, 0.781416, 0.704941, 0.875462, ]
----->
	 Cov Rate: 0.7582 	 (0.4281737497792223) 	Avg Len: 0.12342660735732272 	 (6.784110341597826e-05) 
	 d: 20 	 n: 10000 	 B: 100 	 eta_0: 0.01 	 alpha: 0.501 	 # Trials: 500
	 True solution:           [0.000000, 0.052632, 0.105263, 0.157895, 0.210526, 0.263158, 0.315789, 0.368421, 0.421053, 0.473684, 0.526316, 0.578947, 0.631579, 0.684211, 0.736842, 0.789474, 0.842105, 0.894737, 0.947368, 1.000000, ]
	 center in last trial:    [-0.034997, 0.064342, 0.111061, 0.158825, 0.210483, 0.207824, 0.248696, 0.332787, 0.441154, 0.479738, 0.522745, 0.514406, 0.563299, 0.609310, 0.689107, 0.779519, 0.797746, 0.881050, 0.840581, 0.827553, ]
	 CI UB in the last trial: [0.062924, 0.161256, 0.234087, 0.264084, 0.320650, 0.295739, 0.358776, 0.426565, 0.593329, 0.625685, 0.629081, 0.628265, 0.708097, 0.728846, 0.796139, 0.984736, 0.954065, 1.015430, 1.031246, 0.957713, ]
	 CI LB in the last trial: [-0.132919, -0.032571, -0.011965, 0.053566, 0.100317, 0.119909, 0.138616, 0.239009, 0.288980, 0.333791, 0.416409, 0.400547, 0.418502, 0.489775, 0.582074, 0.574302, 0.641427, 0.746669, 0.649915, 0.697393, ]
