----->
	 Cov Rate: 0.9965 	 (0.059057175685940155) 	Avg Len: 0.5817131729940774 	 (0.0024787771074776884) 
	 d: 20 	 n: 10000 	 M ratio: 0.25 	 eta_0: 0.5 	 alpha: 0.501 	 # Trials: 500
	 True solution:           [0.000000, 0.052632, 0.105263, 0.157895, 0.210526, 0.263158, 0.315789, 0.368421, 0.421053, 0.473684, 0.526316, 0.578947, 0.631579, 0.684211, 0.736842, 0.789474, 0.842105, 0.894737, 0.947368, 1.000000, ]
	 center in last trial:    [0.056329, 0.139206, 0.042190, 0.127288, 0.189645, 0.236285, 0.294016, 0.419978, 0.417850, 0.448903, 0.474786, 0.517369, 0.658812, 0.640044, 0.735651, 0.785766, 0.822895, 0.866407, 1.032751, 1.088931, ]
	 CI UB in the last trial: [0.549236, 1.130420, 0.827673, 0.365403, 0.317222, 0.342396, 0.480144, 0.706819, 0.516239, 0.587268, 0.932975, 1.005042, 1.124429, 1.010046, 1.023083, 1.122894, 1.227331, 1.316472, 1.940141, 1.910030, ]
	 CI LB in the last trial: [-0.436577, -0.852008, -0.743294, -0.110828, 0.062068, 0.130174, 0.107888, 0.133138, 0.319460, 0.310538, 0.016598, 0.029696, 0.193195, 0.270041, 0.448219, 0.448638, 0.418458, 0.416343, 0.125361, 0.267831, ]
----->
	 Cov Rate: 0.9085 	 (0.2883188339321592) 	Avg Len: 0.046120944268892225 	 (3.968122973460397e-05) 
	 d: 20 	 n: 10000 	 M ratio: 0.25 	 eta_0: 0.1 	 alpha: 0.501 	 # Trials: 500
	 True solution:           [0.000000, 0.052632, 0.105263, 0.157895, 0.210526, 0.263158, 0.315789, 0.368421, 0.421053, 0.473684, 0.526316, 0.578947, 0.631579, 0.684211, 0.736842, 0.789474, 0.842105, 0.894737, 0.947368, 1.000000, ]
	 center in last trial:    [0.008915, 0.068261, 0.102538, 0.153714, 0.210481, 0.254562, 0.304721, 0.373320, 0.437905, 0.464956, 0.520184, 0.583191, 0.636434, 0.683275, 0.770340, 0.784678, 0.839858, 0.900040, 0.951787, 0.999435, ]
	 CI UB in the last trial: [0.032316, 0.175852, 0.134089, 0.195695, 0.248927, 0.319919, 0.374582, 0.433698, 0.495579, 0.499700, 0.574630, 0.614960, 0.658634, 0.719650, 0.853681, 0.837623, 0.881578, 0.978536, 0.976315, 1.036187, ]
	 CI LB in the last trial: [-0.014485, -0.039329, 0.070988, 0.111733, 0.172035, 0.189204, 0.234859, 0.312942, 0.380231, 0.430211, 0.465737, 0.551421, 0.614234, 0.646900, 0.686998, 0.731734, 0.798139, 0.821544, 0.927260, 0.962683, ]
----->
	 Cov Rate: 0.8696 	 (0.3367429880487491) 	Avg Len: 0.05695125655826405 	 (6.029139947331259e-05) 
	 d: 20 	 n: 10000 	 M ratio: 0.25 	 eta_0: 0.05 	 alpha: 0.501 	 # Trials: 500
	 True solution:           [0.000000, 0.052632, 0.105263, 0.157895, 0.210526, 0.263158, 0.315789, 0.368421, 0.421053, 0.473684, 0.526316, 0.578947, 0.631579, 0.684211, 0.736842, 0.789474, 0.842105, 0.894737, 0.947368, 1.000000, ]
	 center in last trial:    [0.003890, 0.077095, 0.099896, 0.155142, 0.214024, 0.256562, 0.299486, 0.366709, 0.435188, 0.453406, 0.514146, 0.575286, 0.625769, 0.674555, 0.766927, 0.772696, 0.833059, 0.886580, 0.938458, 0.980231, ]
	 CI UB in the last trial: [0.016389, 0.172567, 0.132021, 0.184565, 0.247580, 0.304882, 0.367036, 0.430523, 0.455941, 0.482193, 0.574807, 0.626600, 0.654210, 0.730838, 0.806761, 0.815549, 0.853767, 0.984767, 1.004931, 1.060094, ]
	 CI LB in the last trial: [-0.008609, -0.018378, 0.067772, 0.125720, 0.180468, 0.208241, 0.231936, 0.302895, 0.414435, 0.424619, 0.453485, 0.523972, 0.597328, 0.618272, 0.727093, 0.729844, 0.812350, 0.788392, 0.871984, 0.900369, ]
----->
	 Cov Rate: 0.0236 	 (0.1517993412370423) 	Avg Len: 0.0983054325884704 	 (0.00011639700702933874) 
	 d: 20 	 n: 10000 	 M ratio: 0.25 	 eta_0: 0.01 	 alpha: 0.501 	 # Trials: 500
	 True solution:           [0.000000, 0.052632, 0.105263, 0.157895, 0.210526, 0.263158, 0.315789, 0.368421, 0.421053, 0.473684, 0.526316, 0.578947, 0.631579, 0.684211, 0.736842, 0.789474, 0.842105, 0.894737, 0.947368, 1.000000, ]
	 center in last trial:    [-0.006650, 0.101785, 0.067202, 0.115970, 0.175649, 0.203316, 0.217593, 0.269870, 0.324967, 0.316126, 0.364761, 0.403478, 0.450398, 0.478783, 0.574310, 0.554165, 0.623917, 0.627036, 0.671476, 0.685245, ]
	 CI UB in the last trial: [-0.000545, 0.131087, 0.095273, 0.148566, 0.198359, 0.218882, 0.290270, 0.348875, 0.398233, 0.403944, 0.462120, 0.515560, 0.563614, 0.606864, 0.689042, 0.703460, 0.754713, 0.801261, 0.853409, 0.878020, ]
	 CI LB in the last trial: [-0.012754, 0.072483, 0.039130, 0.083374, 0.152939, 0.187749, 0.144917, 0.190864, 0.251702, 0.228308, 0.267402, 0.291396, 0.337183, 0.350701, 0.459578, 0.404870, 0.493121, 0.452811, 0.489543, 0.492470, ]
