----->
	 Cov Rate: 0.9986 	 (0.037390373092548834) 	Avg Len: 2.8022885304658898 	 (0.012239068822778996) 
	 d: 20 	 n: 10000 	 M ratio: 0.25 	 eta_0: 0.5 	 alpha: 0.501 	 # Trials: 500
	 True solution:           [0.000000, 0.052632, 0.105263, 0.157895, 0.210526, 0.263158, 0.315789, 0.368421, 0.421053, 0.473684, 0.526316, 0.578947, 0.631579, 0.684211, 0.736842, 0.789474, 0.842105, 0.894737, 0.947368, 1.000000, ]
	 center in last trial:    [-0.009057, 0.019387, 0.150618, 0.138035, 0.227302, 0.254473, 0.339064, 0.313578, 0.450218, 0.462197, 0.564511, 0.544567, 0.654676, 0.678176, 0.740594, 0.759941, 0.918344, 0.819899, 0.983433, 1.004960, ]
	 CI UB in the last trial: [0.245847, 0.270290, 0.571228, 0.221435, 0.314298, 0.574777, 0.559362, 0.868931, 1.001563, 0.566373, 0.795573, 0.857611, 0.905230, 1.092048, 0.899639, 1.015702, 1.640572, 1.314076, 1.143996, 1.172768, ]
	 CI LB in the last trial: [-0.263960, -0.231516, -0.269993, 0.054635, 0.140306, -0.065830, 0.118767, -0.241776, -0.101126, 0.358020, 0.333450, 0.231523, 0.404122, 0.264305, 0.581549, 0.504181, 0.196116, 0.325722, 0.822869, 0.837151, ]
----->
	 Cov Rate: 0.7894 	 (0.40773476672954934) 	Avg Len: 0.048949301356336274 	 (5.0098761046292e-05) 
	 d: 20 	 n: 10000 	 M ratio: 0.25 	 eta_0: 0.1 	 alpha: 0.501 	 # Trials: 500
	 True solution:           [0.000000, 0.052632, 0.105263, 0.157895, 0.210526, 0.263158, 0.315789, 0.368421, 0.421053, 0.473684, 0.526316, 0.578947, 0.631579, 0.684211, 0.736842, 0.789474, 0.842105, 0.894737, 0.947368, 1.000000, ]
	 center in last trial:    [-0.022286, 0.068609, 0.104809, 0.145330, 0.230541, 0.248067, 0.316938, 0.389000, 0.394309, 0.482700, 0.519125, 0.585459, 0.640536, 0.660773, 0.732257, 0.789899, 0.833419, 0.909170, 0.943070, 0.995634, ]
	 CI UB in the last trial: [0.040548, 0.116646, 0.129033, 0.180806, 0.271611, 0.270158, 0.342997, 0.422611, 0.455517, 0.517768, 0.567727, 0.622750, 0.715516, 0.712323, 0.758284, 0.823557, 0.879491, 0.961945, 1.020959, 1.033008, ]
	 CI LB in the last trial: [-0.085120, 0.020573, 0.080586, 0.109853, 0.189470, 0.225977, 0.290880, 0.355388, 0.333101, 0.447633, 0.470523, 0.548169, 0.565556, 0.609223, 0.706230, 0.756242, 0.787347, 0.856395, 0.865181, 0.958259, ]
----->
	 Cov Rate: 0.573 	 (0.494642294997102) 	Avg Len: 0.04188516166979285 	 (4.191293574723309e-05) 
	 d: 20 	 n: 10000 	 M ratio: 0.25 	 eta_0: 0.05 	 alpha: 0.501 	 # Trials: 500
	 True solution:           [0.000000, 0.052632, 0.105263, 0.157895, 0.210526, 0.263158, 0.315789, 0.368421, 0.421053, 0.473684, 0.526316, 0.578947, 0.631579, 0.684211, 0.736842, 0.789474, 0.842105, 0.894737, 0.947368, 1.000000, ]
	 center in last trial:    [-0.034077, 0.076527, 0.104798, 0.149963, 0.229753, 0.244896, 0.310744, 0.390986, 0.394685, 0.485643, 0.522755, 0.575402, 0.641702, 0.656462, 0.727832, 0.800386, 0.819919, 0.920944, 0.928243, 0.991623, ]
	 CI UB in the last trial: [0.021567, 0.113949, 0.124735, 0.165740, 0.257326, 0.262605, 0.339977, 0.412783, 0.439647, 0.517562, 0.552395, 0.630979, 0.715921, 0.716878, 0.763290, 0.832596, 0.846241, 0.958805, 1.004042, 1.057429, ]
	 CI LB in the last trial: [-0.089722, 0.039105, 0.084862, 0.134186, 0.202180, 0.227187, 0.281511, 0.369190, 0.349722, 0.453723, 0.493116, 0.519826, 0.567483, 0.596046, 0.692374, 0.768175, 0.793597, 0.883082, 0.852445, 0.925816, ]
----->
	 Cov Rate: 0.4527 	 (0.4977576820100319) 	Avg Len: 0.07476960901890502 	 (9.469724594612831e-05) 
	 d: 20 	 n: 10000 	 M ratio: 0.25 	 eta_0: 0.01 	 alpha: 0.501 	 # Trials: 500
	 True solution:           [0.000000, 0.052632, 0.105263, 0.157895, 0.210526, 0.263158, 0.315789, 0.368421, 0.421053, 0.473684, 0.526316, 0.578947, 0.631579, 0.684211, 0.736842, 0.789474, 0.842105, 0.894737, 0.947368, 1.000000, ]
	 center in last trial:    [-0.041299, 0.070584, 0.112240, 0.170785, 0.225249, 0.219421, 0.260258, 0.360695, 0.399314, 0.479400, 0.503889, 0.505159, 0.583599, 0.608447, 0.686834, 0.768026, 0.793648, 0.878536, 0.848017, 0.820168, ]
	 CI UB in the last trial: [-0.026680, 0.083674, 0.126935, 0.191811, 0.248702, 0.260847, 0.317262, 0.409477, 0.430546, 0.530662, 0.582282, 0.613338, 0.710173, 0.730896, 0.806067, 0.872915, 0.913298, 1.010762, 1.010165, 0.991018, ]
	 CI LB in the last trial: [-0.055918, 0.057495, 0.097544, 0.149759, 0.201795, 0.177995, 0.203253, 0.311912, 0.368081, 0.428138, 0.425497, 0.396981, 0.457024, 0.485998, 0.567600, 0.663137, 0.673997, 0.746311, 0.685869, 0.649318, ]
