----->
	 Cov Rate: 1.0 	 (0.0) 	Avg Len: 240.95491256971027 	 (2.92836260096855) 
	 d: 20 	 n: 10000 	 B: 10 	 eta_0: 0.5 	 alpha: 0.501 	 # Trials: 500
	 True solution:           [0.000000, 0.052632, 0.105263, 0.157895, 0.210526, 0.263158, 0.315789, 0.368421, 0.421053, 0.473684, 0.526316, 0.578947, 0.631579, 0.684211, 0.736842, 0.789474, 0.842105, 0.894737, 0.947368, 1.000000, ]
	 center in last trial:    [0.015205, 0.025522, 0.139120, 0.152022, 0.258466, 0.229482, 0.344175, 0.320647, 0.454986, 0.453777, 0.553996, 0.572891, 0.627369, 0.682005, 0.755458, 0.770755, 0.860068, 0.858779, 0.965512, 1.005331, ]
	 CI UB in the last trial: [22.412143, 127.087618, 49.339843, 23.383146, 66.290869, 42.928531, 29.565220, 25.413006, 62.095310, 55.224593, 81.110515, 28.958477, 60.220124, 116.133700, 26.359201, 51.646501, 60.066261, 37.814154, 23.720265, 31.616832, ]
	 CI LB in the last trial: [-22.381733, -127.036574, -49.061603, -23.079103, -65.773937, -42.469568, -28.876871, -24.771711, -61.185339, -54.317038, -80.002524, -27.812696, -58.965387, -114.769691, -24.848285, -50.104992, -58.346125, -36.096596, -21.789242, -29.606170, ]
----->
	 Cov Rate: 0.96 	 (0.19595917942265428) 	Avg Len: 0.09275515193304541 	 (9.998966047455506e-05) 
	 d: 20 	 n: 10000 	 B: 10 	 eta_0: 0.1 	 alpha: 0.501 	 # Trials: 500
	 True solution:           [0.000000, 0.052632, 0.105263, 0.157895, 0.210526, 0.263158, 0.315789, 0.368421, 0.421053, 0.473684, 0.526316, 0.578947, 0.631579, 0.684211, 0.736842, 0.789474, 0.842105, 0.894737, 0.947368, 1.000000, ]
	 center in last trial:    [0.000486, 0.048235, 0.131159, 0.136598, 0.243981, 0.249121, 0.310496, 0.378045, 0.412258, 0.467527, 0.522080, 0.602545, 0.609247, 0.668213, 0.741443, 0.794580, 0.821181, 0.910427, 0.928364, 1.010134, ]
	 CI UB in the last trial: [0.093295, 0.146199, 0.207044, 0.203908, 0.309679, 0.340935, 0.407114, 0.488417, 0.464113, 0.533181, 0.634976, 0.759302, 0.720218, 0.731796, 0.808229, 0.856010, 0.890966, 1.048464, 1.008208, 1.073430, ]
	 CI LB in the last trial: [-0.092323, -0.049729, 0.055275, 0.069287, 0.178282, 0.157307, 0.213879, 0.267673, 0.360402, 0.401874, 0.409183, 0.445789, 0.498275, 0.604630, 0.674656, 0.733150, 0.751397, 0.772389, 0.848521, 0.946837, ]
----->
	 Cov Rate: 0.9376 	 (0.24188063171738244) 	Avg Len: 0.10309925727594932 	 (9.0038113397526e-05) 
	 d: 20 	 n: 10000 	 B: 10 	 eta_0: 0.05 	 alpha: 0.501 	 # Trials: 500
	 True solution:           [0.000000, 0.052632, 0.105263, 0.157895, 0.210526, 0.263158, 0.315789, 0.368421, 0.421053, 0.473684, 0.526316, 0.578947, 0.631579, 0.684211, 0.736842, 0.789474, 0.842105, 0.894737, 0.947368, 1.000000, ]
	 center in last trial:    [-0.011574, 0.051530, 0.139074, 0.134832, 0.242717, 0.249230, 0.302761, 0.375795, 0.417267, 0.468761, 0.529113, 0.589353, 0.611354, 0.660682, 0.735447, 0.807410, 0.811104, 0.918515, 0.912988, 1.007609, ]
	 CI UB in the last trial: [0.078064, 0.133233, 0.242289, 0.211902, 0.337726, 0.343875, 0.395938, 0.478962, 0.480161, 0.562100, 0.658215, 0.773604, 0.749080, 0.743628, 0.819196, 0.885086, 0.894055, 1.142002, 1.109004, 1.115378, ]
	 CI LB in the last trial: [-0.101211, -0.030173, 0.035860, 0.057762, 0.147708, 0.154585, 0.209584, 0.272628, 0.354373, 0.375423, 0.400011, 0.405103, 0.473628, 0.577735, 0.651698, 0.729733, 0.728153, 0.695028, 0.716972, 0.899840, ]
----->
	 Cov Rate: 0.7304 	 (0.4437520028123817) 	Avg Len: 0.11939655032363851 	 (8.725759640369772e-05) 
	 d: 20 	 n: 10000 	 B: 10 	 eta_0: 0.01 	 alpha: 0.501 	 # Trials: 500
	 True solution:           [0.000000, 0.052632, 0.105263, 0.157895, 0.210526, 0.263158, 0.315789, 0.368421, 0.421053, 0.473684, 0.526316, 0.578947, 0.631579, 0.684211, 0.736842, 0.789474, 0.842105, 0.894737, 0.947368, 1.000000, ]
	 center in last trial:    [-0.030048, 0.052028, 0.135739, 0.163248, 0.229841, 0.221139, 0.246831, 0.348881, 0.418926, 0.475660, 0.513856, 0.513983, 0.566492, 0.598762, 0.683922, 0.779628, 0.794424, 0.877384, 0.837756, 0.833883, ]
	 CI UB in the last trial: [0.069399, 0.175317, 0.296834, 0.240040, 0.337807, 0.329578, 0.357888, 0.435184, 0.562548, 0.647616, 0.621599, 0.619605, 0.706247, 0.693174, 0.741776, 0.953916, 0.901699, 1.068181, 1.017187, 0.955598, ]
	 CI LB in the last trial: [-0.129494, -0.071260, -0.025356, 0.086457, 0.121874, 0.112701, 0.135774, 0.262577, 0.275303, 0.303704, 0.406113, 0.408360, 0.426737, 0.504351, 0.626068, 0.605340, 0.687150, 0.686586, 0.658325, 0.712168, ]
