----->
	 Cov Rate: 0.9999 	 (0.00999949998749938) 	Avg Len: 914.2087973146532 	 (35.48147108479432) 
	 d: 20 	 n: 10000 	 B: 5 	 eta_0: 0.5 	 alpha: 0.501 	 # Trials: 500
	 True solution:           [0.000000, 0.052632, 0.105263, 0.157895, 0.210526, 0.263158, 0.315789, 0.368421, 0.421053, 0.473684, 0.526316, 0.578947, 0.631579, 0.684211, 0.736842, 0.789474, 0.842105, 0.894737, 0.947368, 1.000000, ]
	 center in last trial:    [0.075841, 0.255556, 0.034238, -0.048892, 0.347287, 0.235127, 0.312300, 0.388672, 0.533513, 0.373788, 0.409598, 0.647304, 0.727128, 0.608499, 0.558875, 0.946784, 0.564496, 0.855516, 0.903844, 1.236002, ]
	 CI UB in the last trial: [240.242249, 138.818065, 121.474383, 178.471147, 56.408986, 106.230581, 147.351240, 51.863022, 101.013921, 82.518489, 103.248179, 95.262007, 95.895280, 270.899097, 51.481585, 52.583834, 28.145693, 160.235706, 18.945162, 43.524112, ]
	 CI LB in the last trial: [-240.090568, -138.306952, -121.405906, -178.568931, -55.714412, -105.760327, -146.726641, -51.085678, -99.946895, -81.770913, -102.428983, -93.967400, -94.441024, -269.682098, -50.363836, -50.690265, -27.016702, -158.524674, -17.137474, -41.052108, ]
----->
	 Cov Rate: 0.9675 	 (0.17732385626305333) 	Avg Len: 0.08268344931194865 	 (0.00010007336801662957) 
	 d: 20 	 n: 10000 	 B: 5 	 eta_0: 0.1 	 alpha: 0.501 	 # Trials: 500
	 True solution:           [0.000000, 0.052632, 0.105263, 0.157895, 0.210526, 0.263158, 0.315789, 0.368421, 0.421053, 0.473684, 0.526316, 0.578947, 0.631579, 0.684211, 0.736842, 0.789474, 0.842105, 0.894737, 0.947368, 1.000000, ]
	 center in last trial:    [0.003394, 0.059896, 0.112666, 0.160236, 0.224583, 0.308775, 0.305023, 0.385737, 0.413796, 0.477125, 0.520505, 0.593410, 0.613945, 0.679254, 0.715710, 0.764496, 0.837532, 0.894577, 0.941915, 0.999853, ]
	 CI UB in the last trial: [0.060939, 0.186733, 0.183041, 0.218721, 0.291662, 0.352401, 0.338243, 0.498838, 0.472400, 0.539645, 0.621541, 0.744437, 0.650470, 0.769455, 0.827547, 0.837499, 0.918600, 0.952846, 1.010729, 1.066304, ]
	 CI LB in the last trial: [-0.054151, -0.066942, 0.042290, 0.101750, 0.157503, 0.265149, 0.271804, 0.272637, 0.355191, 0.414604, 0.419470, 0.442383, 0.577419, 0.589053, 0.603874, 0.691492, 0.756464, 0.836308, 0.873100, 0.933403, ]
----->
	 Cov Rate: 0.9292 	 (0.2564904676591315) 	Avg Len: 0.09103285581904312 	 (8.941642888108784e-05) 
	 d: 20 	 n: 10000 	 B: 5 	 eta_0: 0.05 	 alpha: 0.501 	 # Trials: 500
	 True solution:           [0.000000, 0.052632, 0.105263, 0.157895, 0.210526, 0.263158, 0.315789, 0.368421, 0.421053, 0.473684, 0.526316, 0.578947, 0.631579, 0.684211, 0.736842, 0.789474, 0.842105, 0.894737, 0.947368, 1.000000, ]
	 center in last trial:    [0.012863, 0.073913, 0.114729, 0.156960, 0.242695, 0.326414, 0.309182, 0.381866, 0.412215, 0.478991, 0.515937, 0.585051, 0.618764, 0.685191, 0.707394, 0.750190, 0.832712, 0.891059, 0.923053, 0.987688, ]
	 CI UB in the last trial: [0.095105, 0.229204, 0.232282, 0.261597, 0.328326, 0.376441, 0.339779, 0.515268, 0.492451, 0.586176, 0.643266, 0.727120, 0.670956, 0.851891, 0.780075, 0.877346, 0.955969, 0.944457, 0.970230, 1.056982, ]
	 CI LB in the last trial: [-0.069379, -0.081379, -0.002823, 0.052324, 0.157064, 0.276386, 0.278585, 0.248463, 0.331980, 0.371806, 0.388607, 0.442983, 0.566573, 0.518492, 0.634714, 0.623034, 0.709454, 0.837661, 0.875876, 0.918394, ]
----->
	 Cov Rate: 0.4169 	 (0.49304603233369604) 	Avg Len: 0.1686284046771045 	 (0.00016049535279282187) 
	 d: 20 	 n: 10000 	 B: 5 	 eta_0: 0.01 	 alpha: 0.501 	 # Trials: 500
	 True solution:           [0.000000, 0.052632, 0.105263, 0.157895, 0.210526, 0.263158, 0.315789, 0.368421, 0.421053, 0.473684, 0.526316, 0.578947, 0.631579, 0.684211, 0.736842, 0.789474, 0.842105, 0.894737, 0.947368, 1.000000, ]
	 center in last trial:    [0.166987, 0.227280, 0.209762, 0.243767, 0.365392, 0.424049, 0.374014, 0.389490, 0.421026, 0.478936, 0.475484, 0.539675, 0.574475, 0.629624, 0.600966, 0.616816, 0.712687, 0.769968, 0.733970, 0.787384, ]
	 CI UB in the last trial: [0.409936, 0.337494, 0.474509, 0.480628, 0.603577, 0.578275, 0.468812, 0.583433, 0.589188, 0.689446, 0.720612, 0.723734, 0.704187, 0.944417, 0.690784, 0.900764, 0.852684, 0.978564, 0.824342, 0.972440, ]
	 CI LB in the last trial: [-0.075962, 0.117067, -0.054985, 0.006905, 0.127207, 0.269824, 0.279217, 0.195547, 0.252864, 0.268426, 0.230355, 0.355617, 0.444763, 0.314832, 0.511149, 0.332868, 0.572689, 0.561372, 0.643599, 0.602327, ]
----->
	 Cov Rate: 1.0 	 (0.0) 	Avg Len: 868.4579383596996 	 (13.634052948523726) 
	 d: 20 	 n: 2000 	 B: 5 	 eta_0: 0.5 	 alpha: 0.501 	 # Trials: 500
	 True solution:           [0.000000, 0.052632, 0.105263, 0.157895, 0.210526, 0.263158, 0.315789, 0.368421, 0.421053, 0.473684, 0.526316, 0.578947, 0.631579, 0.684211, 0.736842, 0.789474, 0.842105, 0.894737, 0.947368, 1.000000, ]
	 center in last trial:    [0.501677, 1.320342, -0.463081, -1.216826, 0.961896, -0.046609, 0.380191, 0.356690, 1.227390, -0.151387, -0.157060, 0.845596, 1.279761, 0.215321, -0.171600, 1.794236, -0.834969, 0.800464, 0.660372, 2.314710, ]
	 CI UB in the last trial: [9.670653, 14.340863, 31.534519, 69.093227, 110.784167, 120.504434, 54.215677, 28.978501, 95.578486, 130.650835, 210.640160, 65.357201, 11.553689, 50.471825, 150.703000, 179.163440, 183.002093, 45.000836, 73.256704, 58.575087, ]
	 CI LB in the last trial: [-8.667300, -11.700178, -32.460681, -71.526878, -108.860374, -120.597653, -53.455296, -28.265120, -93.123705, -130.953609, -210.954280, -63.666010, -8.994168, -50.041184, -151.046200, -175.574967, -184.672031, -43.399907, -71.935960, -53.945667, ]
----->
	 Cov Rate: 0.972 	 (0.16497272501841023) 	Avg Len: 0.315683989198834 	 (0.0005228424665370798) 
	 d: 20 	 n: 2000 	 B: 5 	 eta_0: 0.1 	 alpha: 0.501 	 # Trials: 500
	 True solution:           [0.000000, 0.052632, 0.105263, 0.157895, 0.210526, 0.263158, 0.315789, 0.368421, 0.421053, 0.473684, 0.526316, 0.578947, 0.631579, 0.684211, 0.736842, 0.789474, 0.842105, 0.894737, 0.947368, 1.000000, ]
	 center in last trial:    [0.037571, 0.094012, 0.087239, 0.096436, 0.241646, 0.324774, 0.361365, 0.394313, 0.442186, 0.492034, 0.475042, 0.553790, 0.602135, 0.695882, 0.697508, 0.728121, 0.842257, 0.945533, 0.875741, 0.926548, ]
	 CI UB in the last trial: [0.515313, 0.541056, 0.389016, 0.555894, 0.636136, 0.635620, 0.666979, 0.603890, 0.900133, 0.894859, 0.802332, 0.810287, 1.040857, 1.238394, 0.812734, 1.132395, 1.343116, 1.237796, 1.360517, 1.250354, ]
	 CI LB in the last trial: [-0.440171, -0.353032, -0.214539, -0.363021, -0.152844, 0.013928, 0.055752, 0.184735, -0.015761, 0.089209, 0.147751, 0.297293, 0.163412, 0.153371, 0.582281, 0.323846, 0.341398, 0.653270, 0.390965, 0.602742, ]
----->
	 Cov Rate: 0.9002 	 (0.2997331479833353) 	Avg Len: 0.3200089006089143 	 (0.0003926694155076077) 
	 d: 20 	 n: 2000 	 B: 5 	 eta_0: 0.05 	 alpha: 0.501 	 # Trials: 500
	 True solution:           [0.000000, 0.052632, 0.105263, 0.157895, 0.210526, 0.263158, 0.315789, 0.368421, 0.421053, 0.473684, 0.526316, 0.578947, 0.631579, 0.684211, 0.736842, 0.789474, 0.842105, 0.894737, 0.947368, 1.000000, ]
	 center in last trial:    [0.088983, 0.125860, 0.100911, 0.098444, 0.326653, 0.377908, 0.400908, 0.391851, 0.432957, 0.507045, 0.451557, 0.530773, 0.605543, 0.716250, 0.654620, 0.678584, 0.815152, 0.916679, 0.796781, 0.850232, ]
	 CI UB in the last trial: [0.647814, 0.620720, 0.563115, 0.728238, 1.111308, 0.618222, 0.720778, 0.705309, 1.049371, 0.993284, 0.835803, 0.753573, 1.140259, 1.629004, 0.841916, 1.229324, 1.385448, 1.208826, 1.427251, 1.111337, ]
	 CI LB in the last trial: [-0.469847, -0.369001, -0.361293, -0.531349, -0.458003, 0.137593, 0.081038, 0.078393, -0.183457, 0.020805, 0.067310, 0.307973, 0.070826, -0.196504, 0.467325, 0.127844, 0.244855, 0.624533, 0.166312, 0.589127, ]
----->
	 Cov Rate: 0.403 	 (0.4905007645253982) 	Avg Len: 0.2758420581390647 	 (0.0002649604404553352) 
	 d: 20 	 n: 2000 	 B: 5 	 eta_0: 0.01 	 alpha: 0.501 	 # Trials: 500
	 True solution:           [0.000000, 0.052632, 0.105263, 0.157895, 0.210526, 0.263158, 0.315789, 0.368421, 0.421053, 0.473684, 0.526316, 0.578947, 0.631579, 0.684211, 0.736842, 0.789474, 0.842105, 0.894737, 0.947368, 1.000000, ]
	 center in last trial:    [0.277603, 0.289633, 0.235802, 0.247519, 0.442009, 0.440541, 0.433995, 0.368280, 0.400906, 0.455646, 0.384296, 0.453094, 0.485075, 0.558513, 0.481568, 0.475996, 0.586303, 0.651786, 0.523237, 0.543102, ]
	 CI UB in the last trial: [0.592203, 0.690343, 0.736553, 0.635559, 1.005348, 0.557443, 0.754956, 0.683246, 0.719533, 0.775388, 0.638569, 0.625451, 0.966488, 1.217634, 0.660750, 1.011922, 1.053518, 0.892957, 1.027386, 0.701640, ]
	 CI LB in the last trial: [-0.036997, -0.111077, -0.264949, -0.140521, -0.121329, 0.323640, 0.113034, 0.053313, 0.082280, 0.135904, 0.130023, 0.280736, 0.003662, -0.100607, 0.302386, -0.059930, 0.119087, 0.410615, 0.019088, 0.384565, ]
