----->
	 Cov Rate: 0.9953 	 (0.06839524837296813) 	Avg Len: 13.500145308190648 	 (0.178668466675156) 
	 d: 20 	 n: 3333 	 B: 3 	 eta_0: 0.5 	 alpha: 0.501 	 # Trials: 500
	 True solution:           [0.000000, 0.052632, 0.105263, 0.157895, 0.210526, 0.263158, 0.315789, 0.368421, 0.421053, 0.473684, 0.526316, 0.578947, 0.631579, 0.684211, 0.736842, 0.789474, 0.842105, 0.894737, 0.947368, 1.000000, ]
	 center in last trial:    [0.196064, 0.008721, 0.298578, 0.000536, 0.107089, 0.292775, 0.322773, 0.337233, 0.235793, 0.328708, 0.907092, 0.525236, 0.628714, 0.924671, 0.546226, 0.679720, 0.853908, 1.129367, 0.905381, 1.171714, ]
	 CI UB in the last trial: [1.860859, 1.548074, 1.781417, 1.960079, 1.057408, 4.171685, 2.856509, 0.864792, 3.081401, 3.183714, 3.529984, 0.906832, 3.080201, 2.227624, 5.207004, 2.378900, 2.505423, 3.734912, 3.263717, 3.761328, ]
	 CI LB in the last trial: [-1.468732, -1.530632, -1.184261, -1.959007, -0.843230, -3.586136, -2.210962, -0.190327, -2.609814, -2.526298, -1.715799, 0.143640, -1.822772, -0.378281, -4.114551, -1.019459, -0.797607, -1.476178, -1.452955, -1.417899, ]
----->
	 Cov Rate: 0.9789 	 (0.14371774420717853) 	Avg Len: 0.2265492409213737 	 (0.00025602716925331745) 
	 d: 20 	 n: 3333 	 B: 3 	 eta_0: 0.1 	 alpha: 0.501 	 # Trials: 500
	 True solution:           [0.000000, 0.052632, 0.105263, 0.157895, 0.210526, 0.263158, 0.315789, 0.368421, 0.421053, 0.473684, 0.526316, 0.578947, 0.631579, 0.684211, 0.736842, 0.789474, 0.842105, 0.894737, 0.947368, 1.000000, ]
	 center in last trial:    [0.008046, 0.043783, 0.109890, 0.156265, 0.237426, 0.280096, 0.328495, 0.394479, 0.425253, 0.513185, 0.538012, 0.569418, 0.607134, 0.704673, 0.712908, 0.761604, 0.816409, 0.881548, 0.926740, 0.958495, ]
	 CI UB in the last trial: [0.179447, 0.284988, 0.207472, 0.455101, 0.480472, 0.420780, 0.572315, 0.772906, 1.045298, 0.676030, 0.708199, 0.777587, 0.905083, 1.079878, 0.868871, 1.002419, 1.071862, 1.055545, 1.159434, 1.285796, ]
	 CI LB in the last trial: [-0.163355, -0.197421, 0.012307, -0.142570, -0.005620, 0.139411, 0.084674, 0.016053, -0.194791, 0.350340, 0.367826, 0.361250, 0.309186, 0.329468, 0.556944, 0.520789, 0.560956, 0.707551, 0.694046, 0.631194, ]
----->
	 Cov Rate: 0.9586 	 (0.19921355375576233) 	Avg Len: 0.3073087935111263 	 (0.0003308286758701347) 
	 d: 20 	 n: 3333 	 B: 3 	 eta_0: 0.05 	 alpha: 0.501 	 # Trials: 500
	 True solution:           [0.000000, 0.052632, 0.105263, 0.157895, 0.210526, 0.263158, 0.315789, 0.368421, 0.421053, 0.473684, 0.526316, 0.578947, 0.631579, 0.684211, 0.736842, 0.789474, 0.842105, 0.894737, 0.947368, 1.000000, ]
	 center in last trial:    [0.034620, 0.080196, 0.124830, 0.169967, 0.265707, 0.311885, 0.357588, 0.399266, 0.419609, 0.517389, 0.528284, 0.563291, 0.593463, 0.695916, 0.694503, 0.729253, 0.797503, 0.860421, 0.885941, 0.913041, ]
	 CI UB in the last trial: [0.440980, 0.480783, 0.220861, 0.425599, 0.675729, 0.540482, 0.734508, 0.842468, 1.231958, 0.846012, 0.859778, 0.923742, 1.158137, 1.163131, 0.892310, 1.139838, 1.192680, 1.069970, 1.160577, 1.336928, ]
	 CI LB in the last trial: [-0.371740, -0.320392, 0.028799, -0.085666, -0.144314, 0.083288, -0.019332, -0.043935, -0.392741, 0.188767, 0.196789, 0.202840, 0.028788, 0.228701, 0.496696, 0.318668, 0.402327, 0.650872, 0.611304, 0.489154, ]
----->
	 Cov Rate: 0.6142 	 (0.4867836891269057) 	Avg Len: 0.3935385185315472 	 (0.0004186340201813155) 
	 d: 20 	 n: 3333 	 B: 3 	 eta_0: 0.01 	 alpha: 0.501 	 # Trials: 500
	 True solution:           [0.000000, 0.052632, 0.105263, 0.157895, 0.210526, 0.263158, 0.315789, 0.368421, 0.421053, 0.473684, 0.526316, 0.578947, 0.631579, 0.684211, 0.736842, 0.789474, 0.842105, 0.894737, 0.947368, 1.000000, ]
	 center in last trial:    [0.232460, 0.276617, 0.251764, 0.296773, 0.381626, 0.405916, 0.407955, 0.403684, 0.416630, 0.474857, 0.469274, 0.492525, 0.507023, 0.567520, 0.539639, 0.548863, 0.613056, 0.655574, 0.642708, 0.640005, ]
	 CI UB in the last trial: [0.621887, 0.561325, 0.440393, 0.413697, 1.096458, 0.761443, 0.660635, 0.748821, 1.138207, 0.935079, 0.858840, 0.987256, 1.249556, 0.965183, 0.984969, 1.022942, 1.047686, 0.760486, 1.144190, 1.287551, ]
	 CI LB in the last trial: [-0.156967, -0.008092, 0.063136, 0.179850, -0.333207, 0.050389, 0.155276, 0.058548, -0.304947, 0.014634, 0.079708, -0.002205, -0.235510, 0.169857, 0.094308, 0.074784, 0.178427, 0.550662, 0.141226, -0.007542, ]
----->
	 Cov Rate: 0.9951 	 (0.06982828939620388) 	Avg Len: 4.605185898300833 	 (0.058936694499887754) 
	 d: 20 	 n: 10000 	 B: 3 	 eta_0: 0.5 	 alpha: 0.501 	 # Trials: 500
	 True solution:           [0.000000, 0.052632, 0.105263, 0.157895, 0.210526, 0.263158, 0.315789, 0.368421, 0.421053, 0.473684, 0.526316, 0.578947, 0.631579, 0.684211, 0.736842, 0.789474, 0.842105, 0.894737, 0.947368, 1.000000, ]
	 center in last trial:    [0.056728, 0.035853, 0.154760, 0.110529, 0.167507, 0.242821, 0.347453, 0.350318, 0.405710, 0.413676, 0.618956, 0.566697, 0.649245, 0.758404, 0.711589, 0.784821, 0.842238, 0.954140, 0.942119, 1.057212, ]
	 CI UB in the last trial: [0.682417, 0.536290, 0.813152, 0.706709, 0.649706, 1.279044, 1.182691, 0.627196, 0.947679, 1.357639, 0.853274, 0.792221, 1.275425, 1.406771, 1.786284, 1.236938, 1.187681, 1.417951, 1.637834, 1.939793, ]
	 CI LB in the last trial: [-0.568960, -0.464584, -0.503632, -0.485651, -0.314692, -0.793401, -0.487785, 0.073441, -0.136260, -0.530288, 0.384638, 0.341174, 0.023066, 0.110038, -0.363106, 0.332704, 0.496795, 0.490330, 0.246404, 0.174631, ]
----->
	 Cov Rate: 0.9824 	 (0.1314923571923479) 	Avg Len: 0.10350470911752616 	 (0.00010978713682880959) 
	 d: 20 	 n: 10000 	 B: 3 	 eta_0: 0.1 	 alpha: 0.501 	 # Trials: 500
	 True solution:           [0.000000, 0.052632, 0.105263, 0.157895, 0.210526, 0.263158, 0.315789, 0.368421, 0.421053, 0.473684, 0.526316, 0.578947, 0.631579, 0.684211, 0.736842, 0.789474, 0.842105, 0.894737, 0.947368, 1.000000, ]
	 center in last trial:    [0.001279, 0.055481, 0.101845, 0.159857, 0.211141, 0.272119, 0.325362, 0.367423, 0.425733, 0.481742, 0.528032, 0.583498, 0.630888, 0.686944, 0.722689, 0.784239, 0.835091, 0.892980, 0.939820, 0.990601, ]
	 CI UB in the last trial: [0.122448, 0.131556, 0.192260, 0.318822, 0.269064, 0.381738, 0.359134, 0.523010, 0.525206, 0.601013, 0.564070, 0.697474, 0.667688, 0.737063, 0.827446, 0.851167, 0.933668, 0.940606, 1.012590, 1.057793, ]
	 CI LB in the last trial: [-0.119891, -0.020593, 0.011429, 0.000892, 0.153217, 0.162500, 0.291591, 0.211835, 0.326260, 0.362471, 0.491993, 0.469521, 0.594088, 0.636824, 0.617933, 0.717310, 0.736514, 0.845354, 0.867050, 0.923410, ]
----->
	 Cov Rate: 0.9666 	 (0.17967871326342472) 	Avg Len: 0.12942391518743482 	 (0.0001383147343654488) 
	 d: 20 	 n: 10000 	 B: 3 	 eta_0: 0.05 	 alpha: 0.501 	 # Trials: 500
	 True solution:           [0.000000, 0.052632, 0.105263, 0.157895, 0.210526, 0.263158, 0.315789, 0.368421, 0.421053, 0.473684, 0.526316, 0.578947, 0.631579, 0.684211, 0.736842, 0.789474, 0.842105, 0.894737, 0.947368, 1.000000, ]
	 center in last trial:    [0.010792, 0.067042, 0.106454, 0.165284, 0.222559, 0.281288, 0.335417, 0.366835, 0.426551, 0.482055, 0.523261, 0.582990, 0.628124, 0.682512, 0.714820, 0.770467, 0.828311, 0.886995, 0.926148, 0.976392, ]
	 CI UB in the last trial: [0.027744, 0.173094, 0.195862, 0.339315, 0.366597, 0.434404, 0.397591, 0.551720, 0.565171, 0.656626, 0.560633, 0.755817, 0.782627, 0.783887, 0.790586, 0.891289, 0.987972, 0.906213, 1.088158, 1.099645, ]
	 CI LB in the last trial: [-0.006160, -0.039011, 0.017046, -0.008747, 0.078522, 0.128171, 0.273244, 0.181950, 0.287931, 0.307484, 0.485889, 0.410162, 0.473622, 0.581137, 0.639053, 0.649644, 0.668650, 0.867777, 0.764138, 0.853138, ]
----->
	 Cov Rate: 0.6301 	 (0.48277737105212376) 	Avg Len: 0.27101276593944756 	 (0.00028934287331254917) 
	 d: 20 	 n: 10000 	 B: 3 	 eta_0: 0.01 	 alpha: 0.501 	 # Trials: 500
	 True solution:           [0.000000, 0.052632, 0.105263, 0.157895, 0.210526, 0.263158, 0.315789, 0.368421, 0.421053, 0.473684, 0.526316, 0.578947, 0.631579, 0.684211, 0.736842, 0.789474, 0.842105, 0.894737, 0.947368, 1.000000, ]
	 center in last trial:    [0.170145, 0.218325, 0.208532, 0.266305, 0.332117, 0.364833, 0.391677, 0.388739, 0.442647, 0.476042, 0.496657, 0.546043, 0.575077, 0.607301, 0.609745, 0.642036, 0.701787, 0.751609, 0.755528, 0.782936, ]
	 CI UB in the last trial: [0.411971, 0.376255, 0.285649, 0.452430, 0.851699, 0.635140, 0.490894, 0.673424, 0.751120, 0.844803, 0.725395, 0.882131, 1.020792, 0.924842, 0.775619, 0.872153, 1.093859, 0.819193, 1.199956, 1.266682, ]
	 CI LB in the last trial: [-0.071682, 0.060395, 0.131415, 0.080181, -0.187465, 0.094525, 0.292459, 0.104055, 0.134174, 0.107281, 0.267918, 0.209955, 0.129362, 0.289761, 0.443870, 0.411920, 0.309715, 0.684024, 0.311099, 0.299189, ]
