----->
	 Cov Rate: 0.9913 	 (0.09286716319560966) 	Avg Len: 1.488467968739125 	 (0.0035770717340539056) 
	 d: 20 	 n: 3333 	 B: 3 	 eta_0: 0.5 	 alpha: 0.501 	 # Trials: 500
	 True solution:           [0.000000, 0.052632, 0.105263, 0.157895, 0.210526, 0.263158, 0.315789, 0.368421, 0.421053, 0.473684, 0.526316, 0.578947, 0.631579, 0.684211, 0.736842, 0.789474, 0.842105, 0.894737, 0.947368, 1.000000, ]
	 center in last trial:    [0.525131, 0.671647, 0.281018, 0.086901, 0.075434, -0.057459, 0.483579, -0.562502, 1.038721, 0.761441, 0.333944, 0.609476, 0.163741, 0.252299, 0.562817, 0.713278, 0.294890, 2.301690, 0.939152, 1.005164, ]
	 CI UB in the last trial: [5.523630, 14.044025, 3.241440, 3.934014, 0.779221, 7.781880, 3.715591, 7.536808, 8.937245, 3.368551, 3.427795, 3.789178, 6.555805, 4.310222, 4.294757, 4.931106, 6.153587, 21.813079, 4.771382, 4.487668, ]
	 CI LB in the last trial: [-4.473368, -12.700731, -2.679403, -3.760213, -0.628354, -7.896797, -2.748433, -8.661813, -6.859803, -1.845668, -2.759907, -2.570225, -6.228322, -3.805625, -3.169123, -3.504551, -5.563808, -17.209698, -2.893078, -2.477340, ]
----->
	 Cov Rate: 0.9723 	 (0.16411188256796033) 	Avg Len: 0.17135785685074514 	 (0.00017893026940318793) 
	 d: 20 	 n: 3333 	 B: 3 	 eta_0: 0.1 	 alpha: 0.501 	 # Trials: 500
	 True solution:           [0.000000, 0.052632, 0.105263, 0.157895, 0.210526, 0.263158, 0.315789, 0.368421, 0.421053, 0.473684, 0.526316, 0.578947, 0.631579, 0.684211, 0.736842, 0.789474, 0.842105, 0.894737, 0.947368, 1.000000, ]
	 center in last trial:    [0.018099, 0.064654, 0.104561, 0.167165, 0.217404, 0.270864, 0.322157, 0.353094, 0.415205, 0.497321, 0.505220, 0.580063, 0.626637, 0.702936, 0.746022, 0.782112, 0.842950, 0.887593, 0.914647, 0.983076, ]
	 CI UB in the last trial: [0.100985, 0.178293, 0.202979, 0.310074, 0.533430, 0.404122, 0.483265, 0.598306, 0.561138, 0.700157, 0.831516, 0.714152, 0.667553, 1.033976, 0.921291, 0.911098, 0.896691, 1.203949, 1.116106, 1.099095, ]
	 CI LB in the last trial: [-0.064786, -0.048985, 0.006142, 0.024255, -0.098622, 0.137607, 0.161049, 0.107882, 0.269273, 0.294485, 0.178924, 0.445975, 0.585721, 0.371895, 0.570752, 0.653127, 0.789209, 0.571238, 0.713188, 0.867058, ]
----->
	 Cov Rate: 0.9049 	 (0.2933530125974506) 	Avg Len: 0.220193681869794 	 (0.00023255953871918384) 
	 d: 20 	 n: 3333 	 B: 3 	 eta_0: 0.05 	 alpha: 0.501 	 # Trials: 500
	 True solution:           [0.000000, 0.052632, 0.105263, 0.157895, 0.210526, 0.263158, 0.315789, 0.368421, 0.421053, 0.473684, 0.526316, 0.578947, 0.631579, 0.684211, 0.736842, 0.789474, 0.842105, 0.894737, 0.947368, 1.000000, ]
	 center in last trial:    [0.013835, 0.075404, 0.097886, 0.157949, 0.220241, 0.267416, 0.298743, 0.340292, 0.399624, 0.475236, 0.477112, 0.545858, 0.602707, 0.674802, 0.714228, 0.748982, 0.815260, 0.852270, 0.867499, 0.930404, ]
	 CI UB in the last trial: [0.266002, 0.218400, 0.286488, 0.281701, 0.846136, 0.398862, 0.502043, 0.675510, 0.546918, 0.646927, 0.980052, 0.818174, 0.784812, 1.193928, 0.970381, 0.995732, 1.001165, 1.271246, 1.121892, 0.980754, ]
	 CI LB in the last trial: [-0.238332, -0.067591, -0.090715, 0.034198, -0.405654, 0.135970, 0.095444, 0.005073, 0.252330, 0.303544, -0.025828, 0.273541, 0.420602, 0.155677, 0.458075, 0.502232, 0.629355, 0.433295, 0.613106, 0.880054, ]
----->
	 Cov Rate: 0.2971 	 (0.4569809514629686) 	Avg Len: 0.2869420178147929 	 (0.000306025293314154) 
	 d: 20 	 n: 3333 	 B: 3 	 eta_0: 0.01 	 alpha: 0.501 	 # Trials: 500
	 True solution:           [0.000000, 0.052632, 0.105263, 0.157895, 0.210526, 0.263158, 0.315789, 0.368421, 0.421053, 0.473684, 0.526316, 0.578947, 0.631579, 0.684211, 0.736842, 0.789474, 0.842105, 0.894737, 0.947368, 1.000000, ]
	 center in last trial:    [0.005525, 0.067297, 0.052195, 0.088525, 0.147315, 0.156988, 0.160823, 0.194380, 0.220028, 0.253526, 0.255049, 0.287118, 0.335398, 0.364635, 0.408020, 0.412799, 0.469165, 0.472713, 0.475455, 0.496444, ]
	 CI UB in the last trial: [0.451337, 0.261094, 0.384143, 0.152182, 1.237780, 0.474506, 0.347938, 0.588213, 0.421940, 0.472403, 0.822208, 0.759246, 0.849390, 0.982419, 1.022862, 0.754717, 0.864634, 0.995851, 0.880421, 0.629179, ]
	 CI LB in the last trial: [-0.440287, -0.126501, -0.279754, 0.024868, -0.943149, -0.160529, -0.026291, -0.199453, 0.018116, 0.034650, -0.312110, -0.185010, -0.178594, -0.253148, -0.206822, 0.070880, 0.073696, -0.050425, 0.070489, 0.363709, ]
----->
	 Cov Rate: 0.9899 	 (0.09998994949493673) 	Avg Len: 0.49529239038660905 	 (0.001219134602445711) 
	 d: 20 	 n: 10000 	 B: 3 	 eta_0: 0.5 	 alpha: 0.501 	 # Trials: 500
	 True solution:           [0.000000, 0.052632, 0.105263, 0.157895, 0.210526, 0.263158, 0.315789, 0.368421, 0.421053, 0.473684, 0.526316, 0.578947, 0.631579, 0.684211, 0.736842, 0.789474, 0.842105, 0.894737, 0.947368, 1.000000, ]
	 center in last trial:    [0.154479, 0.246393, 0.147887, 0.128821, 0.161806, 0.165563, 0.350263, 0.077356, 0.603152, 0.574427, 0.491135, 0.578359, 0.483300, 0.543831, 0.681576, 0.762843, 0.667471, 1.305133, 0.974952, 1.026717, ]
	 CI UB in the last trial: [1.703238, 4.336822, 0.807702, 1.267146, 0.281885, 2.639095, 1.457141, 2.592339, 3.115592, 1.463155, 1.292284, 1.710863, 2.386638, 1.704465, 1.839561, 2.007752, 2.565646, 7.288827, 2.359686, 1.975916, ]
	 CI LB in the last trial: [-1.394280, -3.844036, -0.511927, -1.009505, 0.041726, -2.307970, -0.756614, -2.437626, -1.909289, -0.314301, -0.310013, -0.554146, -1.420038, -0.616803, -0.476409, -0.482066, -1.230704, -4.678562, -0.409782, 0.077518, ]
----->
	 Cov Rate: 0.9779 	 (0.14700880925985355) 	Avg Len: 0.08535425617941869 	 (8.904404854822517e-05) 
	 d: 20 	 n: 10000 	 B: 3 	 eta_0: 0.1 	 alpha: 0.501 	 # Trials: 500
	 True solution:           [0.000000, 0.052632, 0.105263, 0.157895, 0.210526, 0.263158, 0.315789, 0.368421, 0.421053, 0.473684, 0.526316, 0.578947, 0.631579, 0.684211, 0.736842, 0.789474, 0.842105, 0.894737, 0.947368, 1.000000, ]
	 center in last trial:    [0.004964, 0.052356, 0.106604, 0.156013, 0.209608, 0.262906, 0.307405, 0.360225, 0.417647, 0.479935, 0.517433, 0.580860, 0.637342, 0.687308, 0.738863, 0.784646, 0.835156, 0.884602, 0.942961, 0.997519, ]
	 CI UB in the last trial: [0.088530, 0.116093, 0.169578, 0.252365, 0.325431, 0.356334, 0.324305, 0.490419, 0.480443, 0.585448, 0.580257, 0.690851, 0.733391, 0.787984, 0.862535, 0.974761, 0.943365, 1.024839, 1.037151, 1.068635, ]
	 CI LB in the last trial: [-0.078601, -0.011382, 0.043630, 0.059662, 0.093785, 0.169477, 0.290505, 0.230030, 0.354852, 0.374422, 0.454609, 0.470870, 0.541293, 0.586632, 0.615191, 0.594531, 0.726947, 0.744365, 0.848772, 0.926402, ]
----->
	 Cov Rate: 0.9378 	 (0.24151844650046916) 	Avg Len: 0.0985909133147367 	 (0.00010412884946969965) 
	 d: 20 	 n: 10000 	 B: 3 	 eta_0: 0.05 	 alpha: 0.501 	 # Trials: 500
	 True solution:           [0.000000, 0.052632, 0.105263, 0.157895, 0.210526, 0.263158, 0.315789, 0.368421, 0.421053, 0.473684, 0.526316, 0.578947, 0.631579, 0.684211, 0.736842, 0.789474, 0.842105, 0.894737, 0.947368, 1.000000, ]
	 center in last trial:    [0.003746, 0.056233, 0.105938, 0.153335, 0.208066, 0.259926, 0.300617, 0.357896, 0.411376, 0.471352, 0.506736, 0.570043, 0.628664, 0.676811, 0.727022, 0.773413, 0.824071, 0.870181, 0.927748, 0.976919, ]
	 CI UB in the last trial: [0.138244, 0.093075, 0.158690, 0.239393, 0.419931, 0.394985, 0.358508, 0.528096, 0.500903, 0.548420, 0.516848, 0.717050, 0.761746, 0.827527, 0.913171, 0.977585, 0.965614, 1.018746, 1.033322, 1.073379, ]
	 CI LB in the last trial: [-0.130752, 0.019391, 0.053187, 0.067277, -0.003799, 0.124867, 0.242726, 0.187696, 0.321848, 0.394284, 0.496623, 0.423036, 0.495582, 0.526094, 0.540872, 0.569241, 0.682529, 0.721616, 0.822174, 0.880459, ]
----->
	 Cov Rate: 0.322 	 (0.4672429774753174) 	Avg Len: 0.19068019768002376 	 (0.00020301250295976807) 
	 d: 20 	 n: 10000 	 B: 3 	 eta_0: 0.01 	 alpha: 0.501 	 # Trials: 500
	 True solution:           [0.000000, 0.052632, 0.105263, 0.157895, 0.210526, 0.263158, 0.315789, 0.368421, 0.421053, 0.473684, 0.526316, 0.578947, 0.631579, 0.684211, 0.736842, 0.789474, 0.842105, 0.894737, 0.947368, 1.000000, ]
	 center in last trial:    [0.000291, 0.057625, 0.077216, 0.113538, 0.162745, 0.184482, 0.211395, 0.267241, 0.290362, 0.328948, 0.352675, 0.397787, 0.450908, 0.476126, 0.526535, 0.555067, 0.598454, 0.618397, 0.665027, 0.678930, ]
	 CI UB in the last trial: [0.331890, 0.147039, 0.176607, 0.228058, 0.792000, 0.517795, 0.410150, 0.525449, 0.482950, 0.471882, 0.540088, 0.682659, 0.803770, 0.796549, 1.121242, 0.782148, 0.881756, 0.938028, 0.938200, 0.861232, ]
	 CI LB in the last trial: [-0.331307, -0.031789, -0.022175, -0.000982, -0.466511, -0.148831, 0.012641, 0.009034, 0.097773, 0.186014, 0.165262, 0.112916, 0.098046, 0.155702, -0.068172, 0.327986, 0.315152, 0.298765, 0.391854, 0.496629, ]
