----->
	 Cov Rate: 1.0 	 (0.0) 	Avg Len: 873.5011278037712 	 (14.390685166651643) 
	 d: 20 	 n: 10000 	 B: 50 	 eta_0: 0.5 	 alpha: 0.501 	 # Trials: 500
	 True solution:           [0.000000, 0.052632, 0.105263, 0.157895, 0.210526, 0.263158, 0.315789, 0.368421, 0.421053, 0.473684, 0.526316, 0.578947, 0.631579, 0.684211, 0.736842, 0.789474, 0.842105, 0.894737, 0.947368, 1.000000, ]
	 center in last trial:    [0.036108, 0.125184, 0.046994, 0.101350, 0.226949, 0.248419, 0.333111, 0.341368, 0.474282, 0.441674, 0.497148, 0.604675, 0.678553, 0.652773, 0.680638, 0.836765, 0.749198, 0.899958, 0.922043, 1.072840, ]
	 CI UB in the last trial: [316.735379, 115.718471, 136.492632, 102.290910, 160.015959, 144.446188, 314.067414, 55.402766, 50.469765, 112.533318, 228.691281, 54.940797, 111.270666, 71.456159, 115.852296, 46.185728, 52.545526, 98.779061, 88.565875, 178.496253, ]
	 CI LB in the last trial: [-316.663163, -115.468104, -136.398645, -102.088210, -159.562060, -143.949350, -313.401193, -54.720030, -49.521202, -111.649970, -227.696986, -53.731447, -109.913560, -70.150613, -114.491020, -44.512197, -51.047130, -96.979145, -86.721790, -176.350572, ]
----->
	 Cov Rate: 0.9769 	 (0.15022113699476514) 	Avg Len: 0.07094320975306607 	 (6.466121028153492e-05) 
	 d: 20 	 n: 10000 	 B: 50 	 eta_0: 0.1 	 alpha: 0.501 	 # Trials: 500
	 True solution:           [0.000000, 0.052632, 0.105263, 0.157895, 0.210526, 0.263158, 0.315789, 0.368421, 0.421053, 0.473684, 0.526316, 0.578947, 0.631579, 0.684211, 0.736842, 0.789474, 0.842105, 0.894737, 0.947368, 1.000000, ]
	 center in last trial:    [0.025573, 0.050041, 0.106565, 0.166192, 0.205529, 0.272950, 0.326959, 0.340791, 0.421597, 0.473515, 0.537448, 0.572914, 0.644682, 0.689380, 0.715724, 0.779424, 0.847324, 0.902784, 0.939761, 0.988545, ]
	 CI UB in the last trial: [0.108910, 0.117341, 0.162504, 0.230929, 0.269260, 0.342735, 0.379480, 0.412678, 0.495601, 0.540321, 0.601842, 0.630913, 0.705086, 0.757369, 0.768712, 0.874944, 0.915847, 0.968003, 1.007946, 1.063093, ]
	 CI LB in the last trial: [-0.057764, -0.017259, 0.050626, 0.101456, 0.141798, 0.203164, 0.274438, 0.268903, 0.347593, 0.406710, 0.473055, 0.514915, 0.584277, 0.621391, 0.662737, 0.683905, 0.778801, 0.837565, 0.871577, 0.913998, ]
----->
	 Cov Rate: 0.9336 	 (0.24897999919672262) 	Avg Len: 0.07536835540016727 	 (4.842563412724041e-05) 
	 d: 20 	 n: 10000 	 B: 50 	 eta_0: 0.05 	 alpha: 0.501 	 # Trials: 500
	 True solution:           [0.000000, 0.052632, 0.105263, 0.157895, 0.210526, 0.263158, 0.315789, 0.368421, 0.421053, 0.473684, 0.526316, 0.578947, 0.631579, 0.684211, 0.736842, 0.789474, 0.842105, 0.894737, 0.947368, 1.000000, ]
	 center in last trial:    [0.036416, 0.057611, 0.114986, 0.163845, 0.222769, 0.287992, 0.337611, 0.339642, 0.420743, 0.481149, 0.534567, 0.571503, 0.647192, 0.695450, 0.701985, 0.763530, 0.840441, 0.890196, 0.921601, 0.972830, ]
	 CI UB in the last trial: [0.134478, 0.140461, 0.178604, 0.246505, 0.318419, 0.364675, 0.401749, 0.430194, 0.508646, 0.560026, 0.601405, 0.637421, 0.716939, 0.798915, 0.762016, 0.882441, 0.910933, 0.961423, 0.997749, 1.050958, ]
	 CI LB in the last trial: [-0.061647, -0.025238, 0.051368, 0.081186, 0.127118, 0.211309, 0.273472, 0.249089, 0.332840, 0.402271, 0.467729, 0.505585, 0.577445, 0.591985, 0.641954, 0.644620, 0.769950, 0.818970, 0.845454, 0.894702, ]
----->
	 Cov Rate: 0.3444 	 (0.4751722214103009) 	Avg Len: 0.13752842352910283 	 (8.239181437339008e-05) 
	 d: 20 	 n: 10000 	 B: 50 	 eta_0: 0.01 	 alpha: 0.501 	 # Trials: 500
	 True solution:           [0.000000, 0.052632, 0.105263, 0.157895, 0.210526, 0.263158, 0.315789, 0.368421, 0.421053, 0.473684, 0.526316, 0.578947, 0.631579, 0.684211, 0.736842, 0.789474, 0.842105, 0.894737, 0.947368, 1.000000, ]
	 center in last trial:    [0.188182, 0.205547, 0.223075, 0.251595, 0.358676, 0.394835, 0.406676, 0.360448, 0.428029, 0.494194, 0.498806, 0.543326, 0.591714, 0.636296, 0.592476, 0.619277, 0.712874, 0.750394, 0.734439, 0.763194, ]
	 CI UB in the last trial: [0.327443, 0.350372, 0.346126, 0.412983, 0.575799, 0.531534, 0.526236, 0.516462, 0.585684, 0.625408, 0.581563, 0.634808, 0.713977, 0.823555, 0.682542, 0.799079, 0.845625, 0.856239, 0.893967, 0.883621, ]
	 CI LB in the last trial: [0.048921, 0.060723, 0.100024, 0.090208, 0.141553, 0.258136, 0.287117, 0.204434, 0.270374, 0.362980, 0.416049, 0.451845, 0.469452, 0.449037, 0.502409, 0.439474, 0.580124, 0.644548, 0.574911, 0.642767, ]
