----->
	 Cov Rate: 1.0 	 (0.0) 	Avg Len: 27.324129156002897 	 (0.09211029137916862) 
	 d: 20 	 n: 1000 	 B: 10 	 eta_0: 0.5 	 alpha: 0.501 	 # Trials: 500
	 True solution:           [0.000000, 0.052632, 0.105263, 0.157895, 0.210526, 0.263158, 0.315789, 0.368421, 0.421053, 0.473684, 0.526316, 0.578947, 0.631579, 0.684211, 0.736842, 0.789474, 0.842105, 0.894737, 0.947368, 1.000000, ]
	 center in last trial:    [0.879315, -1.400699, 2.312934, -1.007140, -2.867295, 4.785360, -3.335479, -0.274052, 0.770711, -2.328464, 2.659349, 3.308272, -1.197116, -1.831566, 3.689659, 0.998441, 0.569878, 0.418802, 0.539499, 2.246806, ]
	 CI UB in the last trial: [9.956975, 18.428413, 40.446799, 14.195956, 40.034709, 69.526504, 45.184878, 18.264903, 21.474811, 37.122480, 38.373420, 30.303080, 13.271326, 38.307262, 39.493369, 14.097901, 19.477069, 19.325769, 9.188216, 15.690778, ]
	 CI LB in the last trial: [-8.198345, -21.229812, -35.820931, -16.210235, -45.769299, -59.955783, -51.855836, -18.813006, -19.933389, -41.779409, -33.054721, -23.686536, -15.665558, -41.970395, -32.114052, -12.101019, -18.337313, -18.488165, -8.109218, -11.197165, ]
----->
	 Cov Rate: 1.0 	 (0.0) 	Avg Len: 0.4284458392495989 	 (0.0002483084266375269) 
	 d: 20 	 n: 1000 	 B: 10 	 eta_0: 0.1 	 alpha: 0.501 	 # Trials: 500
	 True solution:           [0.000000, 0.052632, 0.105263, 0.157895, 0.210526, 0.263158, 0.315789, 0.368421, 0.421053, 0.473684, 0.526316, 0.578947, 0.631579, 0.684211, 0.736842, 0.789474, 0.842105, 0.894737, 0.947368, 1.000000, ]
	 center in last trial:    [-0.044067, 0.090278, 0.091674, 0.139603, 0.239606, 0.223164, 0.325230, 0.378831, 0.388929, 0.479161, 0.562785, 0.528703, 0.659034, 0.662250, 0.691882, 0.829734, 0.822362, 0.918308, 0.906519, 0.986635, ]
	 CI UB in the last trial: [0.172379, 0.301135, 0.399743, 0.606645, 0.667184, 0.660438, 0.793915, 0.824726, 0.702524, 0.868670, 0.963696, 0.972598, 0.997546, 0.965285, 0.996896, 1.193357, 1.206907, 1.351844, 1.481963, 1.353789, ]
	 CI LB in the last trial: [-0.260513, -0.120579, -0.216395, -0.327440, -0.187972, -0.214110, -0.143456, -0.067064, 0.075333, 0.089652, 0.161874, 0.084807, 0.320522, 0.359215, 0.386868, 0.466112, 0.437818, 0.484772, 0.331075, 0.619482, ]
----->
	 Cov Rate: 0.9975 	 (0.04993746088859544) 	Avg Len: 0.4105297354006578 	 (0.00021247867286813398) 
	 d: 20 	 n: 1000 	 B: 10 	 eta_0: 0.05 	 alpha: 0.501 	 # Trials: 500
	 True solution:           [0.000000, 0.052632, 0.105263, 0.157895, 0.210526, 0.263158, 0.315789, 0.368421, 0.421053, 0.473684, 0.526316, 0.578947, 0.631579, 0.684211, 0.736842, 0.789474, 0.842105, 0.894737, 0.947368, 1.000000, ]
	 center in last trial:    [-0.047078, 0.087427, 0.097788, 0.153787, 0.235342, 0.221497, 0.289070, 0.375507, 0.384262, 0.487862, 0.537507, 0.514262, 0.634907, 0.636139, 0.694817, 0.806236, 0.823770, 0.903990, 0.885417, 0.903912, ]
	 CI UB in the last trial: [0.194860, 0.296543, 0.342179, 0.614562, 0.607630, 0.588056, 0.698435, 0.788049, 0.777110, 0.861326, 0.923211, 1.019738, 1.156270, 0.921328, 1.082895, 1.169871, 1.211563, 1.342923, 1.374786, 1.241832, ]
	 CI LB in the last trial: [-0.289017, -0.121688, -0.146604, -0.306988, -0.136946, -0.145061, -0.120294, -0.037034, -0.008587, 0.114399, 0.151803, 0.008786, 0.113544, 0.350951, 0.306739, 0.442601, 0.435977, 0.465058, 0.396049, 0.565992, ]
----->
	 Cov Rate: 0.3956 	 (0.4889791815609332) 	Avg Len: 0.2604422551868995 	 (0.0001320291786617118) 
	 d: 20 	 n: 1000 	 B: 10 	 eta_0: 0.01 	 alpha: 0.501 	 # Trials: 500
	 True solution:           [0.000000, 0.052632, 0.105263, 0.157895, 0.210526, 0.263158, 0.315789, 0.368421, 0.421053, 0.473684, 0.526316, 0.578947, 0.631579, 0.684211, 0.736842, 0.789474, 0.842105, 0.894737, 0.947368, 1.000000, ]
	 center in last trial:    [-0.006804, 0.051633, 0.086896, 0.129582, 0.159825, 0.159965, 0.182476, 0.248516, 0.270684, 0.334721, 0.353773, 0.347673, 0.408328, 0.434177, 0.483688, 0.537928, 0.565096, 0.593949, 0.554249, 0.491102, ]
	 CI UB in the last trial: [0.235560, 0.246938, 0.313350, 0.388869, 0.384738, 0.448091, 0.429961, 0.485351, 0.592718, 0.591444, 0.603164, 0.650166, 0.744859, 0.649342, 0.767398, 0.799803, 0.814449, 0.907506, 0.797813, 0.719841, ]
	 CI LB in the last trial: [-0.249169, -0.143673, -0.139557, -0.129706, -0.065088, -0.128161, -0.065009, 0.011682, -0.051351, 0.077998, 0.104382, 0.045181, 0.071798, 0.219013, 0.199978, 0.276053, 0.315743, 0.280391, 0.310685, 0.262364, ]
----->
	 Cov Rate: 1.0 	 (0.0) 	Avg Len: 2.7502653035689435 	 (0.01001403540456557) 
	 d: 20 	 n: 10000 	 B: 10 	 eta_0: 0.5 	 alpha: 0.501 	 # Trials: 500
	 True solution:           [0.000000, 0.052632, 0.105263, 0.157895, 0.210526, 0.263158, 0.315789, 0.368421, 0.421053, 0.473684, 0.526316, 0.578947, 0.631579, 0.684211, 0.736842, 0.789474, 0.842105, 0.894737, 0.947368, 1.000000, ]
	 center in last trial:    [0.064434, -0.052039, 0.292381, 0.041644, -0.074415, 0.624733, 0.066391, 0.275419, 0.467855, 0.218760, 0.785930, 0.759812, 0.459020, 0.400690, 1.040007, 0.819296, 0.908665, 0.676288, 0.935643, 1.071906, ]
	 CI UB in the last trial: [0.811928, 1.945224, 4.205727, 1.543394, 4.369662, 7.403571, 5.251669, 1.998041, 2.427985, 4.246709, 4.425148, 3.566831, 1.581469, 4.468563, 4.602585, 2.036188, 3.339451, 3.308355, 1.758103, 2.226699, ]
	 CI LB in the last trial: [-0.683061, -2.049301, -3.620965, -1.460105, -4.518492, -6.154105, -5.118887, -1.447204, -1.492274, -3.809190, -2.853287, -2.047208, -0.663428, -3.667184, -2.522570, -0.397597, -1.522121, -1.955779, 0.113184, -0.082888, ]
----->
	 Cov Rate: 1.0 	 (0.0) 	Avg Len: 0.08173290844519401 	 (4.351952802543979e-05) 
	 d: 20 	 n: 10000 	 B: 10 	 eta_0: 0.1 	 alpha: 0.501 	 # Trials: 500
	 True solution:           [0.000000, 0.052632, 0.105263, 0.157895, 0.210526, 0.263158, 0.315789, 0.368421, 0.421053, 0.473684, 0.526316, 0.578947, 0.631579, 0.684211, 0.736842, 0.789474, 0.842105, 0.894737, 0.947368, 1.000000, ]
	 center in last trial:    [-0.000440, 0.058421, 0.095960, 0.151398, 0.214257, 0.257933, 0.319907, 0.365624, 0.422742, 0.471047, 0.532768, 0.573990, 0.632897, 0.683240, 0.728413, 0.796239, 0.840487, 0.895608, 0.938886, 1.000221, ]
	 CI UB in the last trial: [0.065340, 0.149272, 0.166335, 0.227395, 0.297069, 0.312325, 0.387624, 0.482894, 0.530958, 0.539746, 0.643950, 0.634475, 0.690988, 0.748355, 0.827926, 0.899952, 0.962689, 0.988867, 1.040452, 1.076992, ]
	 CI LB in the last trial: [-0.066221, -0.032431, 0.025586, 0.075401, 0.131444, 0.203542, 0.252189, 0.248354, 0.314527, 0.402348, 0.421586, 0.513506, 0.574805, 0.618125, 0.628900, 0.692527, 0.718285, 0.802348, 0.837320, 0.923450, ]
----->
	 Cov Rate: 0.9997 	 (0.017317909804592472) 	Avg Len: 0.10921493335450555 	 (5.713487012551773e-05) 
	 d: 20 	 n: 10000 	 B: 10 	 eta_0: 0.05 	 alpha: 0.501 	 # Trials: 500
	 True solution:           [0.000000, 0.052632, 0.105263, 0.157895, 0.210526, 0.263158, 0.315789, 0.368421, 0.421053, 0.473684, 0.526316, 0.578947, 0.631579, 0.684211, 0.736842, 0.789474, 0.842105, 0.894737, 0.947368, 1.000000, ]
	 center in last trial:    [-0.002886, 0.060611, 0.095402, 0.151175, 0.216596, 0.258329, 0.311390, 0.369483, 0.419524, 0.474686, 0.530320, 0.567474, 0.637300, 0.676610, 0.727567, 0.795984, 0.839067, 0.896859, 0.937799, 0.987310, ]
	 CI UB in the last trial: [0.080450, 0.153001, 0.163404, 0.255923, 0.310347, 0.331028, 0.400576, 0.519290, 0.557462, 0.566502, 0.663379, 0.675389, 0.742603, 0.766071, 0.854607, 0.907326, 0.975890, 1.020717, 1.075435, 1.087071, ]
	 CI LB in the last trial: [-0.086221, -0.031779, 0.027401, 0.046428, 0.122845, 0.185630, 0.222204, 0.219676, 0.281586, 0.382870, 0.397261, 0.459560, 0.531997, 0.587149, 0.600528, 0.684642, 0.702244, 0.773000, 0.800162, 0.887549, ]
----->
	 Cov Rate: 0.8978 	 (0.302911142086256) 	Avg Len: 0.14136613715662857 	 (7.010026648373591e-05) 
	 d: 20 	 n: 10000 	 B: 10 	 eta_0: 0.01 	 alpha: 0.501 	 # Trials: 500
	 True solution:           [0.000000, 0.052632, 0.105263, 0.157895, 0.210526, 0.263158, 0.315789, 0.368421, 0.421053, 0.473684, 0.526316, 0.578947, 0.631579, 0.684211, 0.736842, 0.789474, 0.842105, 0.894737, 0.947368, 1.000000, ]
	 center in last trial:    [0.000861, 0.052960, 0.099182, 0.152947, 0.204427, 0.241957, 0.276364, 0.354322, 0.395152, 0.458751, 0.496963, 0.526418, 0.598516, 0.635130, 0.688872, 0.753299, 0.802053, 0.854322, 0.864335, 0.816060, ]
	 CI UB in the last trial: [0.159829, 0.157023, 0.241500, 0.292630, 0.304043, 0.393946, 0.370741, 0.502686, 0.578006, 0.539999, 0.638528, 0.680940, 0.776644, 0.766634, 0.861697, 0.877919, 0.936679, 0.998018, 0.982787, 0.958332, ]
	 CI LB in the last trial: [-0.158107, -0.051102, -0.043137, 0.013264, 0.104811, 0.089968, 0.181987, 0.205958, 0.212299, 0.377503, 0.355399, 0.371897, 0.420387, 0.503625, 0.516048, 0.628680, 0.667427, 0.710625, 0.745883, 0.673788, ]
