----->
	 Cov Rate: 0.9993 	 (0.026448251359967073) 	Avg Len: 1.8697812479710922 	 (0.004622949271161743) 
	 d: 20 	 n: 2000 	 B: 5 	 eta_0: 0.5 	 alpha: 0.501 	 # Trials: 500
	 True solution:           [0.000000, 0.052632, 0.105263, 0.157895, 0.210526, 0.263158, 0.315789, 0.368421, 0.421053, 0.473684, 0.526316, 0.578947, 0.631579, 0.684211, 0.736842, 0.789474, 0.842105, 0.894737, 0.947368, 1.000000, ]
	 center in last trial:    [0.584792, 0.199036, -0.024551, 0.051236, 0.377272, 0.675382, 0.455012, 0.595490, 0.502618, 0.292756, 0.613354, 0.263507, 0.648567, 0.828425, 0.921950, 0.314021, 0.418543, 1.458939, 0.754124, 1.136381, ]
	 CI UB in the last trial: [8.153945, 1.635788, 2.600496, 1.110015, 3.668430, 6.816673, 4.931282, 3.862143, 4.458669, 4.909552, 2.518725, 3.703999, 3.273470, 2.536714, 3.825319, 7.284455, 4.514336, 5.074248, 3.227556, 2.469724, ]
	 CI LB in the last trial: [-6.984361, -1.237715, -2.649598, -1.007544, -2.913886, -5.465908, -4.021258, -2.671163, -3.453433, -4.324040, -1.292017, -3.176985, -1.976335, -0.879863, -1.981418, -6.656412, -3.677249, -2.156370, -1.719308, -0.196962, ]
----->
	 Cov Rate: 0.9849 	 (0.12195076875526449) 	Avg Len: 0.16583868093272194 	 (0.00012388659976269526) 
	 d: 20 	 n: 2000 	 B: 5 	 eta_0: 0.1 	 alpha: 0.501 	 # Trials: 500
	 True solution:           [0.000000, 0.052632, 0.105263, 0.157895, 0.210526, 0.263158, 0.315789, 0.368421, 0.421053, 0.473684, 0.526316, 0.578947, 0.631579, 0.684211, 0.736842, 0.789474, 0.842105, 0.894737, 0.947368, 1.000000, ]
	 center in last trial:    [0.004057, 0.073439, 0.099774, 0.154789, 0.215612, 0.248457, 0.286639, 0.361362, 0.430785, 0.450713, 0.508570, 0.565065, 0.630192, 0.671134, 0.754852, 0.745743, 0.815091, 0.877340, 0.934531, 0.974861, ]
	 CI UB in the last trial: [0.197992, 0.345283, 0.261422, 0.405732, 0.411774, 0.470193, 0.538331, 0.647958, 0.676984, 0.654313, 0.735749, 0.792207, 0.880857, 0.813673, 0.967640, 0.878312, 0.964300, 1.157541, 1.112135, 1.152208, ]
	 CI LB in the last trial: [-0.189878, -0.198406, -0.061873, -0.096154, 0.019449, 0.026720, 0.034947, 0.074767, 0.184586, 0.247112, 0.281391, 0.337924, 0.379526, 0.528596, 0.542065, 0.613175, 0.665883, 0.597139, 0.756927, 0.797515, ]
----->
	 Cov Rate: 0.8605 	 (0.3464675309462634) 	Avg Len: 0.2177206847146369 	 (0.000162070944579173) 
	 d: 20 	 n: 2000 	 B: 5 	 eta_0: 0.05 	 alpha: 0.501 	 # Trials: 500
	 True solution:           [0.000000, 0.052632, 0.105263, 0.157895, 0.210526, 0.263158, 0.315789, 0.368421, 0.421053, 0.473684, 0.526316, 0.578947, 0.631579, 0.684211, 0.736842, 0.789474, 0.842105, 0.894737, 0.947368, 1.000000, ]
	 center in last trial:    [0.002318, 0.092047, 0.092053, 0.150332, 0.209972, 0.234437, 0.270668, 0.338538, 0.400726, 0.416838, 0.475313, 0.521584, 0.574033, 0.620362, 0.711692, 0.690220, 0.764112, 0.812257, 0.864948, 0.892305, ]
	 CI UB in the last trial: [0.200481, 0.381755, 0.261932, 0.503655, 0.562150, 0.526905, 0.510445, 0.728707, 0.680671, 0.684172, 0.678965, 0.865310, 0.850871, 0.812106, 1.049937, 0.912540, 0.962615, 1.094329, 1.030165, 1.112433, ]
	 CI LB in the last trial: [-0.195846, -0.197660, -0.077827, -0.202990, -0.142207, -0.058030, 0.030890, -0.051630, 0.120781, 0.149504, 0.271661, 0.177857, 0.297194, 0.428618, 0.373447, 0.467900, 0.565608, 0.530186, 0.699732, 0.672178, ]
----->
	 Cov Rate: 0.2052 	 (0.403847694062997) 	Avg Len: 0.22017951453726486 	 (0.00016344383263571034) 
	 d: 20 	 n: 2000 	 B: 5 	 eta_0: 0.01 	 alpha: 0.501 	 # Trials: 500
	 True solution:           [0.000000, 0.052632, 0.105263, 0.157895, 0.210526, 0.263158, 0.315789, 0.368421, 0.421053, 0.473684, 0.526316, 0.578947, 0.631579, 0.684211, 0.736842, 0.789474, 0.842105, 0.894737, 0.947368, 1.000000, ]
	 center in last trial:    [-0.000082, 0.067601, 0.040766, 0.072614, 0.117323, 0.115948, 0.133766, 0.173048, 0.190820, 0.188597, 0.227031, 0.243612, 0.270266, 0.289359, 0.350391, 0.328938, 0.374717, 0.383998, 0.407010, 0.413125, ]
	 CI UB in the last trial: [0.161747, 0.263840, 0.185808, 0.419409, 0.527287, 0.440100, 0.351422, 0.502148, 0.389033, 0.419256, 0.374071, 0.603806, 0.474460, 0.504146, 0.745674, 0.563270, 0.669266, 0.565010, 0.510687, 0.617318, ]
	 CI LB in the last trial: [-0.161912, -0.128638, -0.104275, -0.274182, -0.292641, -0.208203, -0.083889, -0.156053, -0.007392, -0.042063, 0.079991, -0.116582, 0.066071, 0.074572, -0.044892, 0.094606, 0.080167, 0.202986, 0.303333, 0.208932, ]
----->
	 Cov Rate: 0.9989 	 (0.033148001448051134) 	Avg Len: 0.38661416667191784 	 (0.0009284774496633232) 
	 d: 20 	 n: 10000 	 B: 5 	 eta_0: 0.5 	 alpha: 0.501 	 # Trials: 500
	 True solution:           [0.000000, 0.052632, 0.105263, 0.157895, 0.210526, 0.263158, 0.315789, 0.368421, 0.421053, 0.473684, 0.526316, 0.578947, 0.631579, 0.684211, 0.736842, 0.789474, 0.842105, 0.894737, 0.947368, 1.000000, ]
	 center in last trial:    [0.108031, 0.071964, 0.090136, 0.139139, 0.229068, 0.353185, 0.349963, 0.411318, 0.436971, 0.441516, 0.536586, 0.518890, 0.630858, 0.702771, 0.767305, 0.700321, 0.754848, 1.005975, 0.910613, 1.019414, ]
	 CI UB in the last trial: [1.611711, 0.334465, 0.622423, 0.355926, 0.904057, 1.504582, 1.140963, 1.051268, 1.120786, 1.256894, 0.878568, 1.198314, 1.088370, 1.048775, 1.337331, 2.062345, 1.509273, 1.681655, 1.360539, 1.277888, ]
	 CI LB in the last trial: [-1.395649, -0.190536, -0.442150, -0.077647, -0.445922, -0.798212, -0.441038, -0.228633, -0.246845, -0.373862, 0.194603, -0.160534, 0.173346, 0.356766, 0.197280, -0.661703, 0.000422, 0.330294, 0.460687, 0.760940, ]
----->
	 Cov Rate: 0.9939 	 (0.0778639197574846) 	Avg Len: 0.05868500354728155 	 (4.223660472765388e-05) 
	 d: 20 	 n: 10000 	 B: 5 	 eta_0: 0.1 	 alpha: 0.501 	 # Trials: 500
	 True solution:           [0.000000, 0.052632, 0.105263, 0.157895, 0.210526, 0.263158, 0.315789, 0.368421, 0.421053, 0.473684, 0.526316, 0.578947, 0.631579, 0.684211, 0.736842, 0.789474, 0.842105, 0.894737, 0.947368, 1.000000, ]
	 center in last trial:    [0.002989, 0.051446, 0.112602, 0.159423, 0.210139, 0.275020, 0.318436, 0.365674, 0.416875, 0.474151, 0.517662, 0.580682, 0.628038, 0.675973, 0.737813, 0.783762, 0.842368, 0.893335, 0.940446, 0.984657, ]
	 CI UB in the last trial: [0.056378, 0.095402, 0.160071, 0.289628, 0.259876, 0.323206, 0.384460, 0.465745, 0.444521, 0.535261, 0.529856, 0.612277, 0.664809, 0.739375, 0.778709, 0.829824, 0.907424, 0.919290, 1.053233, 1.061523, ]
	 CI LB in the last trial: [-0.050401, 0.007491, 0.065133, 0.029217, 0.160402, 0.226833, 0.252413, 0.265602, 0.389229, 0.413041, 0.505468, 0.549087, 0.591266, 0.612571, 0.696916, 0.737699, 0.777311, 0.867381, 0.827658, 0.907790, ]
----->
	 Cov Rate: 0.942 	 (0.23374344910606587) 	Avg Len: 0.06786822349980899 	 (4.920185068307016e-05) 
	 d: 20 	 n: 10000 	 B: 5 	 eta_0: 0.05 	 alpha: 0.501 	 # Trials: 500
	 True solution:           [0.000000, 0.052632, 0.105263, 0.157895, 0.210526, 0.263158, 0.315789, 0.368421, 0.421053, 0.473684, 0.526316, 0.578947, 0.631579, 0.684211, 0.736842, 0.789474, 0.842105, 0.894737, 0.947368, 1.000000, ]
	 center in last trial:    [0.003309, 0.054912, 0.112244, 0.159620, 0.208693, 0.272876, 0.315467, 0.360294, 0.410575, 0.466489, 0.509311, 0.571271, 0.616386, 0.665807, 0.728233, 0.771080, 0.832281, 0.879241, 0.924934, 0.966746, ]
	 CI UB in the last trial: [0.071652, 0.103988, 0.163342, 0.305124, 0.284503, 0.337607, 0.361142, 0.481395, 0.429814, 0.528892, 0.528129, 0.599326, 0.659325, 0.734920, 0.810971, 0.831467, 0.914893, 0.906030, 1.035306, 1.051881, ]
	 CI LB in the last trial: [-0.065034, 0.005836, 0.061146, 0.014117, 0.132883, 0.208145, 0.269793, 0.239193, 0.391337, 0.404086, 0.490494, 0.543217, 0.573446, 0.596695, 0.645494, 0.710693, 0.749669, 0.852452, 0.814563, 0.881611, ]
----->
	 Cov Rate: 0.2308 	 (0.42134470448790506) 	Avg Len: 0.13125973765245957 	 (9.696400138178572e-05) 
	 d: 20 	 n: 10000 	 B: 5 	 eta_0: 0.01 	 alpha: 0.501 	 # Trials: 500
	 True solution:           [0.000000, 0.052632, 0.105263, 0.157895, 0.210526, 0.263158, 0.315789, 0.368421, 0.421053, 0.473684, 0.526316, 0.578947, 0.631579, 0.684211, 0.736842, 0.789474, 0.842105, 0.894737, 0.947368, 1.000000, ]
	 center in last trial:    [-0.001568, 0.051125, 0.078667, 0.123659, 0.159830, 0.202155, 0.232450, 0.260662, 0.294338, 0.325485, 0.360090, 0.399135, 0.435335, 0.474657, 0.522186, 0.551573, 0.602918, 0.624330, 0.654409, 0.679549, ]
	 CI UB in the last trial: [0.183831, 0.174219, 0.188934, 0.359538, 0.307911, 0.356638, 0.346211, 0.433242, 0.388601, 0.380096, 0.427748, 0.585807, 0.545656, 0.591283, 0.786268, 0.683867, 0.788187, 0.696361, 0.754836, 0.782093, ]
	 CI LB in the last trial: [-0.186967, -0.071970, -0.031600, -0.112219, 0.011749, 0.047672, 0.118689, 0.088081, 0.200074, 0.270873, 0.292432, 0.212463, 0.325014, 0.358031, 0.258104, 0.419279, 0.417648, 0.552299, 0.553983, 0.577006, ]
