----->
	 Cov Rate: 1.0 	 (0.0) 	Avg Len: 19.127516541723775 	 (0.1291563011924677) 
	 d: 20 	 n: 10000 	 B: 10 	 eta_0: 0.5 	 alpha: 0.501 	 # Trials: 500
	 True solution:           [0.000000, 0.052632, 0.105263, 0.157895, 0.210526, 0.263158, 0.315789, 0.368421, 0.421053, 0.473684, 0.526316, 0.578947, 0.631579, 0.684211, 0.736842, 0.789474, 0.842105, 0.894737, 0.947368, 1.000000, ]
	 center in last trial:    [0.054798, 0.159066, 0.033614, 0.150297, 0.180817, 0.236171, 0.281223, 0.403200, 0.409789, 0.448829, 0.470572, 0.542844, 0.663318, 0.634930, 0.708958, 0.781769, 0.822727, 0.879835, 1.000261, 1.079235, ]
	 CI UB in the last trial: [17.595447, 7.172448, 4.655320, 5.534868, 8.990213, 8.446423, 9.763139, 7.949991, 20.333593, 11.376104, 6.761452, 5.743688, 3.785186, 5.142733, 9.073141, 8.821271, 5.818942, 7.989818, 6.297513, 11.907308, ]
	 CI LB in the last trial: [-17.485850, -6.854316, -4.588093, -5.234274, -8.628580, -7.974082, -9.200692, -7.143592, -19.514015, -10.478446, -5.820308, -4.658001, -2.458551, -3.872873, -7.655226, -7.257733, -4.173488, -6.230147, -4.296992, -9.748838, ]
----->
	 Cov Rate: 0.9621 	 (0.1909544186448693) 	Avg Len: 0.05504141301080856 	 (3.151866063995533e-05) 
	 d: 20 	 n: 10000 	 B: 10 	 eta_0: 0.1 	 alpha: 0.501 	 # Trials: 500
	 True solution:           [0.000000, 0.052632, 0.105263, 0.157895, 0.210526, 0.263158, 0.315789, 0.368421, 0.421053, 0.473684, 0.526316, 0.578947, 0.631579, 0.684211, 0.736842, 0.789474, 0.842105, 0.894737, 0.947368, 1.000000, ]
	 center in last trial:    [0.007783, 0.081433, 0.094791, 0.163622, 0.205801, 0.256617, 0.306873, 0.365647, 0.419021, 0.459880, 0.512010, 0.595679, 0.643827, 0.674730, 0.739512, 0.787930, 0.836456, 0.899691, 0.931380, 0.999263, ]
	 CI UB in the last trial: [0.073773, 0.181222, 0.146273, 0.241229, 0.293781, 0.340260, 0.361077, 0.446903, 0.482761, 0.528491, 0.595244, 0.656034, 0.726659, 0.719460, 0.798667, 0.861427, 0.909862, 0.941389, 0.982409, 1.062254, ]
	 CI LB in the last trial: [-0.058207, -0.018356, 0.043308, 0.086014, 0.117820, 0.172975, 0.252669, 0.284392, 0.355281, 0.391268, 0.428775, 0.535325, 0.560994, 0.630000, 0.680357, 0.714432, 0.763051, 0.857994, 0.880350, 0.936272, ]
----->
	 Cov Rate: 0.8764 	 (0.3291246572349146) 	Avg Len: 0.06032412555350981 	 (3.42151629248282e-05) 
	 d: 20 	 n: 10000 	 B: 10 	 eta_0: 0.05 	 alpha: 0.501 	 # Trials: 500
	 True solution:           [0.000000, 0.052632, 0.105263, 0.157895, 0.210526, 0.263158, 0.315789, 0.368421, 0.421053, 0.473684, 0.526316, 0.578947, 0.631579, 0.684211, 0.736842, 0.789474, 0.842105, 0.894737, 0.947368, 1.000000, ]
	 center in last trial:    [0.003974, 0.088153, 0.093165, 0.161983, 0.207657, 0.259168, 0.305731, 0.358605, 0.415457, 0.446734, 0.506999, 0.583145, 0.635204, 0.667734, 0.737165, 0.780651, 0.830148, 0.886923, 0.916364, 0.978239, ]
	 CI UB in the last trial: [0.068415, 0.176568, 0.148878, 0.241160, 0.305571, 0.377054, 0.362929, 0.443723, 0.506809, 0.526432, 0.589134, 0.650939, 0.717392, 0.725900, 0.812638, 0.847732, 0.926340, 0.941005, 0.995004, 1.062455, ]
	 CI LB in the last trial: [-0.060466, -0.000261, 0.037451, 0.082805, 0.109743, 0.141283, 0.248533, 0.273486, 0.324105, 0.367036, 0.424863, 0.515351, 0.553015, 0.609568, 0.661692, 0.713569, 0.733955, 0.832841, 0.837725, 0.894024, ]
----->
	 Cov Rate: 0.191 	 (0.39308904843559306) 	Avg Len: 0.10969025855486177 	 (7.066831189245047e-05) 
	 d: 20 	 n: 10000 	 B: 10 	 eta_0: 0.01 	 alpha: 0.501 	 # Trials: 500
	 True solution:           [0.000000, 0.052632, 0.105263, 0.157895, 0.210526, 0.263158, 0.315789, 0.368421, 0.421053, 0.473684, 0.526316, 0.578947, 0.631579, 0.684211, 0.736842, 0.789474, 0.842105, 0.894737, 0.947368, 1.000000, ]
	 center in last trial:    [-0.015109, 0.094995, 0.070150, 0.112607, 0.157974, 0.206451, 0.237189, 0.264219, 0.311430, 0.307525, 0.353097, 0.400474, 0.458758, 0.476275, 0.548177, 0.572075, 0.615609, 0.628501, 0.648974, 0.677871, ]
	 CI UB in the last trial: [0.070806, 0.214098, 0.169811, 0.258578, 0.379796, 0.430513, 0.397367, 0.389538, 0.486116, 0.458329, 0.538633, 0.526551, 0.633256, 0.631014, 0.753985, 0.741109, 0.915123, 0.784312, 0.824622, 0.807976, ]
	 CI LB in the last trial: [-0.101024, -0.024109, -0.029511, -0.033364, -0.063848, -0.017611, 0.077010, 0.138900, 0.136744, 0.156720, 0.167561, 0.274396, 0.284260, 0.321535, 0.342370, 0.403040, 0.316095, 0.472690, 0.473326, 0.547767, ]
----->
	 Cov Rate: 1.0 	 (0.0) 	Avg Len: 207.4529718599997 	 (1.5322786646644242) 
	 d: 20 	 n: 1000 	 B: 10 	 eta_0: 0.5 	 alpha: 0.501 	 # Trials: 500
	 True solution:           [0.000000, 0.052632, 0.105263, 0.157895, 0.210526, 0.263158, 0.315789, 0.368421, 0.421053, 0.473684, 0.526316, 0.578947, 0.631579, 0.684211, 0.736842, 0.789474, 0.842105, 0.894737, 0.947368, 1.000000, ]
	 center in last trial:    [0.438557, 1.227457, -0.747818, 0.009553, 0.036152, 0.297682, -0.002333, 0.763640, 0.269811, 0.201608, -0.135518, -0.130417, 0.942524, 0.166409, 0.505369, 0.790769, 0.672172, 0.544780, 1.815146, 1.967478, ]
	 CI UB in the last trial: [605.254725, 152.323854, 406.571221, 139.533287, 844.365164, 253.232437, 132.682574, 153.529958, 329.210968, 115.971415, 159.565241, 108.260129, 660.547439, 869.461901, 591.949802, 294.614968, 494.741386, 1213.758152, 788.592631, 677.263960, ]
	 CI LB in the last trial: [-604.377611, -149.868940, -408.066856, -139.514181, -844.292861, -252.637074, -132.687240, -152.002677, -328.671346, -115.568199, -159.836277, -108.520962, -658.662390, -869.129082, -590.939064, -293.033431, -493.397042, -1212.668591, -784.962340, -673.329005, ]
----->
	 Cov Rate: 0.9591 	 (0.19805855194865984) 	Avg Len: 0.3223969623229405 	 (0.00029739861893799004) 
	 d: 20 	 n: 1000 	 B: 10 	 eta_0: 0.1 	 alpha: 0.501 	 # Trials: 500
	 True solution:           [0.000000, 0.052632, 0.105263, 0.157895, 0.210526, 0.263158, 0.315789, 0.368421, 0.421053, 0.473684, 0.526316, 0.578947, 0.631579, 0.684211, 0.736842, 0.789474, 0.842105, 0.894737, 0.947368, 1.000000, ]
	 center in last trial:    [-0.013217, 0.196629, 0.094496, 0.161961, 0.256999, 0.397942, 0.258091, 0.273542, 0.414364, 0.447473, 0.394475, 0.602616, 0.614919, 0.683927, 0.827914, 0.869931, 0.840031, 0.839502, 0.958667, 0.930319, ]
	 CI UB in the last trial: [0.749844, 0.562228, 0.441407, 0.538601, 0.591014, 0.639960, 0.501711, 0.547869, 0.933714, 0.898768, 0.737605, 1.035870, 0.931664, 0.973661, 1.330924, 1.345038, 1.449325, 1.212775, 1.432529, 1.488636, ]
	 CI LB in the last trial: [-0.776278, -0.168970, -0.252416, -0.214679, -0.077015, 0.155924, 0.014471, -0.000785, -0.104987, -0.003822, 0.051346, 0.169361, 0.298174, 0.394193, 0.324904, 0.394824, 0.230737, 0.466229, 0.484805, 0.372001, ]
----->
	 Cov Rate: 0.7594 	 (0.4274478213770659) 	Avg Len: 0.3270736109679799 	 (0.000261795756782188) 
	 d: 20 	 n: 1000 	 B: 10 	 eta_0: 0.05 	 alpha: 0.501 	 # Trials: 500
	 True solution:           [0.000000, 0.052632, 0.105263, 0.157895, 0.210526, 0.263158, 0.315789, 0.368421, 0.421053, 0.473684, 0.526316, 0.578947, 0.631579, 0.684211, 0.736842, 0.789474, 0.842105, 0.894737, 0.947368, 1.000000, ]
	 center in last trial:    [-0.048733, 0.197711, 0.099980, 0.151096, 0.256295, 0.404884, 0.231946, 0.236174, 0.362349, 0.389813, 0.343277, 0.534569, 0.549057, 0.629401, 0.773230, 0.792662, 0.815196, 0.748512, 0.837360, 0.771886, ]
	 CI UB in the last trial: [0.357412, 0.402627, 0.223317, 0.539292, 0.674773, 0.738121, 0.505203, 0.651791, 0.823954, 0.721598, 0.716695, 0.779657, 0.866213, 1.036571, 1.392344, 1.279412, 1.406685, 1.143406, 1.316599, 1.303766, ]
	 CI LB in the last trial: [-0.454879, -0.007204, -0.023356, -0.237101, -0.162183, 0.071647, -0.041310, -0.179444, -0.099255, 0.058028, -0.030141, 0.289480, 0.231901, 0.222231, 0.154117, 0.305912, 0.223707, 0.353618, 0.358121, 0.240007, ]
----->
	 Cov Rate: 0.1635 	 (0.36982124060145594) 	Avg Len: 0.20404206107196585 	 (0.00016149174477003405) 
	 d: 20 	 n: 1000 	 B: 10 	 eta_0: 0.01 	 alpha: 0.501 	 # Trials: 500
	 True solution:           [0.000000, 0.052632, 0.105263, 0.157895, 0.210526, 0.263158, 0.315789, 0.368421, 0.421053, 0.473684, 0.526316, 0.578947, 0.631579, 0.684211, 0.736842, 0.789474, 0.842105, 0.894737, 0.947368, 1.000000, ]
	 center in last trial:    [-0.043408, 0.104506, 0.046817, 0.063663, 0.121845, 0.198103, 0.101238, 0.103149, 0.137018, 0.150784, 0.132872, 0.211658, 0.232455, 0.253715, 0.329041, 0.311907, 0.381949, 0.309375, 0.333543, 0.278670, ]
	 CI UB in the last trial: [0.157846, 0.224959, 0.143128, 0.315039, 0.538445, 0.402035, 0.290820, 0.422403, 0.373125, 0.368574, 0.329223, 0.452468, 0.483383, 0.513902, 0.733745, 0.662282, 0.754320, 0.485648, 0.587576, 0.465679, ]
	 CI LB in the last trial: [-0.244662, -0.015947, -0.049494, -0.187712, -0.294755, -0.005828, -0.088343, -0.216105, -0.099089, -0.067007, -0.063479, -0.029153, -0.018472, -0.006473, -0.075663, -0.038468, 0.009578, 0.133101, 0.079510, 0.091661, ]
