----->
	 Cov Rate: 0.7442 	 (0.43630993571084303) 	Avg Len: 0.012395766582410435 	 (1.1088378281071616e-07) 
	 d: 20 	 n: 100000 	 R: N.A. 	 eta_0: 0.5 	 alpha: 0.501 	 # Trials: 500
	 True solution:           [0.000000, 0.052632, 0.105263, 0.157895, 0.210526, 0.263158, 0.315789, 0.368421, 0.421053, 0.473684, 0.526316, 0.578947, 0.631579, 0.684211, 0.736842, 0.789474, 0.842105, 0.894737, 0.947368, 1.000000, ]
	 center in last trial:    [0.008195, 0.058413, 0.104844, 0.152851, 0.207479, 0.261734, 0.306667, 0.375571, 0.415552, 0.470674, 0.518712, 0.573983, 0.630214, 0.676532, 0.736427, 0.788168, 0.847465, 0.890572, 0.953121, 1.007107, ]
	 CI UB in the last trial: [0.020599, 0.070757, 0.117240, 0.165286, 0.219929, 0.274068, 0.319138, 0.387966, 0.427898, 0.482980, 0.531133, 0.586413, 0.642688, 0.688889, 0.748838, 0.800581, 0.859868, 0.903040, 0.965478, 1.019386, ]
	 CI LB in the last trial: [-0.004208, 0.046068, 0.092447, 0.140417, 0.195029, 0.249400, 0.294196, 0.363177, 0.403205, 0.458369, 0.506291, 0.561553, 0.617740, 0.664174, 0.724016, 0.775755, 0.835062, 0.878105, 0.940765, 0.994828, ]
----->
	 Cov Rate: 0.9438 	 (0.23030753352854091) 	Avg Len: 0.012395766582410435 	 (1.1088378281071616e-07) 
	 d: 20 	 n: 100000 	 R: N.A. 	 eta_0: 0.1 	 alpha: 0.501 	 # Trials: 500
	 True solution:           [0.000000, 0.052632, 0.105263, 0.157895, 0.210526, 0.263158, 0.315789, 0.368421, 0.421053, 0.473684, 0.526316, 0.578947, 0.631579, 0.684211, 0.736842, 0.789474, 0.842105, 0.894737, 0.947368, 1.000000, ]
	 center in last trial:    [0.004727, 0.052054, 0.111195, 0.156241, 0.211986, 0.265289, 0.311815, 0.372738, 0.418611, 0.471774, 0.523036, 0.577518, 0.629342, 0.681245, 0.737735, 0.787371, 0.846208, 0.891432, 0.944738, 1.000094, ]
	 CI UB in the last trial: [0.017131, 0.064398, 0.123592, 0.168676, 0.224436, 0.277623, 0.324286, 0.385132, 0.430958, 0.484080, 0.535458, 0.589948, 0.641816, 0.693602, 0.750146, 0.799784, 0.858611, 0.903899, 0.957094, 1.012373, ]
	 CI LB in the last trial: [-0.007676, 0.039709, 0.098798, 0.143807, 0.199536, 0.252955, 0.299344, 0.360344, 0.406265, 0.459468, 0.510615, 0.565087, 0.616868, 0.668887, 0.725324, 0.774958, 0.833805, 0.878964, 0.932381, 0.987816, ]
----->
	 Cov Rate: 0.9196 	 (0.2719114561764546) 	Avg Len: 0.012395766582410435 	 (1.1088378281071616e-07) 
	 d: 20 	 n: 100000 	 R: N.A. 	 eta_0: 0.05 	 alpha: 0.501 	 # Trials: 500
	 True solution:           [0.000000, 0.052632, 0.105263, 0.157895, 0.210526, 0.263158, 0.315789, 0.368421, 0.421053, 0.473684, 0.526316, 0.578947, 0.631579, 0.684211, 0.736842, 0.789474, 0.842105, 0.894737, 0.947368, 1.000000, ]
	 center in last trial:    [0.003888, 0.052769, 0.111182, 0.156676, 0.212050, 0.265869, 0.311439, 0.372156, 0.418093, 0.471447, 0.522548, 0.576286, 0.628492, 0.681245, 0.736984, 0.786535, 0.845526, 0.890226, 0.943401, 0.998004, ]
	 CI UB in the last trial: [0.016291, 0.065114, 0.123579, 0.169110, 0.224500, 0.278203, 0.323910, 0.384550, 0.430440, 0.483753, 0.534969, 0.588717, 0.640966, 0.693602, 0.749395, 0.798948, 0.857929, 0.902694, 0.955757, 1.010283, ]
	 CI LB in the last trial: [-0.008516, 0.040425, 0.098785, 0.144242, 0.199600, 0.253535, 0.298967, 0.359762, 0.405747, 0.459141, 0.510127, 0.563856, 0.616018, 0.668887, 0.724573, 0.774122, 0.833123, 0.877759, 0.931044, 0.985725, ]
----->
	 Cov Rate: 0.1355 	 (0.34225684799577055) 	Avg Len: 0.012395766582410435 	 (1.1088378281071616e-07) 
	 d: 20 	 n: 100000 	 R: N.A. 	 eta_0: 0.01 	 alpha: 0.501 	 # Trials: 500
	 True solution:           [0.000000, 0.052632, 0.105263, 0.157895, 0.210526, 0.263158, 0.315789, 0.368421, 0.421053, 0.473684, 0.526316, 0.578947, 0.631579, 0.684211, 0.736842, 0.789474, 0.842105, 0.894737, 0.947368, 1.000000, ]
	 center in last trial:    [-0.000105, 0.057164, 0.107354, 0.153602, 0.207631, 0.258419, 0.296926, 0.354711, 0.402223, 0.450282, 0.496089, 0.545645, 0.601272, 0.650585, 0.706315, 0.751661, 0.807191, 0.848770, 0.899336, 0.945709, ]
	 CI UB in the last trial: [0.012299, 0.069509, 0.119751, 0.166036, 0.220081, 0.270754, 0.309397, 0.367106, 0.414569, 0.462588, 0.508510, 0.558075, 0.613746, 0.662943, 0.718726, 0.764074, 0.819594, 0.861238, 0.911693, 0.957988, ]
	 CI LB in the last trial: [-0.012508, 0.044820, 0.094957, 0.141167, 0.195181, 0.246085, 0.284455, 0.342317, 0.389876, 0.437976, 0.483667, 0.533215, 0.588797, 0.638228, 0.693904, 0.739248, 0.794788, 0.836302, 0.886980, 0.933430, ]
