----->
	 Cov Rate: 0.8782 	 (0.32705467432831475) 	Avg Len: 0.40577132679629735 	 (0.0021120595880349284) 
	 d: 20 	 n: 100000 	 R: 3 	 eta_0: 0.5 	 alpha: 0.501 	 # Trials: 500
	 True solution:           [0.000000, 0.052632, 0.105263, 0.157895, 0.210526, 0.263158, 0.315789, 0.368421, 0.421053, 0.473684, 0.526316, 0.578947, 0.631579, 0.684211, 0.736842, 0.789474, 0.842105, 0.894737, 0.947368, 1.000000, ]
	 center in last trial:    [-0.006747, 0.062691, 0.092501, 0.150807, 0.219431, 0.259552, 0.317273, 0.362641, 0.418771, 0.478996, 0.511518, 0.593148, 0.619023, 0.689911, 0.731249, 0.785365, 0.837593, 0.907653, 0.929324, 1.008129, ]
	 CI UB in the last trial: [0.073549, 0.229464, 0.270977, 0.303894, 0.303021, 0.464081, 0.562858, 0.446723, 0.708239, 0.510906, 0.725450, 0.728010, 0.796754, 1.030944, 0.980541, 0.895538, 1.081315, 1.077092, 1.135917, 1.183103, ]
	 CI LB in the last trial: [-0.087043, -0.104083, -0.085975, -0.002281, 0.135840, 0.055022, 0.071688, 0.278559, 0.129302, 0.447086, 0.297586, 0.458287, 0.441293, 0.348878, 0.481957, 0.675192, 0.593872, 0.738214, 0.722731, 0.833154, ]
----->
	 Cov Rate: 0.9495 	 (0.21897431356211622) 	Avg Len: 0.03302277410360528 	 (3.429248286789427e-05) 
	 d: 20 	 n: 100000 	 R: 3 	 eta_0: 0.1 	 alpha: 0.501 	 # Trials: 500
	 True solution:           [0.000000, 0.052632, 0.105263, 0.157895, 0.210526, 0.263158, 0.315789, 0.368421, 0.421053, 0.473684, 0.526316, 0.578947, 0.631579, 0.684211, 0.736842, 0.789474, 0.842105, 0.894737, 0.947368, 1.000000, ]
	 center in last trial:    [-0.000440, 0.055605, 0.097260, 0.154194, 0.209424, 0.261836, 0.320339, 0.366778, 0.421274, 0.472454, 0.525868, 0.581578, 0.628638, 0.685272, 0.733180, 0.790715, 0.842285, 0.894567, 0.940458, 1.003250, ]
	 CI UB in the last trial: [0.017274, 0.085628, 0.136441, 0.191486, 0.240468, 0.273620, 0.333459, 0.394260, 0.480260, 0.498470, 0.549840, 0.604854, 0.650160, 0.723715, 0.743376, 0.819470, 0.863213, 0.938856, 0.955916, 1.015247, ]
	 CI LB in the last trial: [-0.018154, 0.025583, 0.058079, 0.116902, 0.178381, 0.250052, 0.307219, 0.339295, 0.362288, 0.446438, 0.501895, 0.558303, 0.607115, 0.646829, 0.722984, 0.761961, 0.821357, 0.850278, 0.924999, 0.991252, ]
----->
	 Cov Rate: 0.951 	 (0.21586801523152985) 	Avg Len: 0.03672217356072736 	 (3.8384370152225274e-05) 
	 d: 20 	 n: 100000 	 R: 3 	 eta_0: 0.05 	 alpha: 0.501 	 # Trials: 500
	 True solution:           [0.000000, 0.052632, 0.105263, 0.157895, 0.210526, 0.263158, 0.315789, 0.368421, 0.421053, 0.473684, 0.526316, 0.578947, 0.631579, 0.684211, 0.736842, 0.789474, 0.842105, 0.894737, 0.947368, 1.000000, ]
	 center in last trial:    [-0.000741, 0.055280, 0.098386, 0.153171, 0.209966, 0.262063, 0.318651, 0.366927, 0.421199, 0.473835, 0.526031, 0.579616, 0.630162, 0.683573, 0.733410, 0.791634, 0.840950, 0.895439, 0.940043, 1.001773, ]
	 CI UB in the last trial: [0.018675, 0.092503, 0.132540, 0.191492, 0.240659, 0.276244, 0.336234, 0.386902, 0.471153, 0.500509, 0.537209, 0.611568, 0.641397, 0.715990, 0.742211, 0.822846, 0.856019, 0.937359, 0.960294, 1.019521, ]
	 CI LB in the last trial: [-0.020158, 0.018056, 0.064231, 0.114850, 0.179274, 0.247881, 0.301067, 0.346952, 0.371244, 0.447161, 0.514854, 0.547665, 0.618926, 0.651155, 0.724610, 0.760421, 0.825882, 0.853519, 0.919792, 0.984025, ]
----->
	 Cov Rate: 0.9211 	 (0.2695826218434712) 	Avg Len: 0.0831235950165476 	 (8.926324661990737e-05) 
	 d: 20 	 n: 100000 	 R: 3 	 eta_0: 0.01 	 alpha: 0.501 	 # Trials: 500
	 True solution:           [0.000000, 0.052632, 0.105263, 0.157895, 0.210526, 0.263158, 0.315789, 0.368421, 0.421053, 0.473684, 0.526316, 0.578947, 0.631579, 0.684211, 0.736842, 0.789474, 0.842105, 0.894737, 0.947368, 1.000000, ]
	 center in last trial:    [-0.003839, 0.053738, 0.104101, 0.151027, 0.213791, 0.261442, 0.301419, 0.371607, 0.419960, 0.480391, 0.521218, 0.564719, 0.636172, 0.670618, 0.730551, 0.792209, 0.832327, 0.898908, 0.939037, 0.965386, ]
	 CI UB in the last trial: [0.029382, 0.106962, 0.170638, 0.211081, 0.287966, 0.366057, 0.374423, 0.473590, 0.484174, 0.512125, 0.624601, 0.666370, 0.709193, 0.709148, 0.751375, 0.844878, 0.908791, 0.922267, 1.004126, 1.042440, ]
	 CI LB in the last trial: [-0.037060, 0.000514, 0.037563, 0.090973, 0.139616, 0.156827, 0.228416, 0.269624, 0.355746, 0.448656, 0.417835, 0.463069, 0.563150, 0.632088, 0.709728, 0.739539, 0.755863, 0.875548, 0.873947, 0.888333, ]
----->
	 Cov Rate: 0.8811 	 (0.32367080498555933) 	Avg Len: 0.3230297096479604 	 (0.0019373879752386247) 
	 d: 20 	 n: 100000 	 R: 5 	 eta_0: 0.5 	 alpha: 0.501 	 # Trials: 500
	 True solution:           [0.000000, 0.052632, 0.105263, 0.157895, 0.210526, 0.263158, 0.315789, 0.368421, 0.421053, 0.473684, 0.526316, 0.578947, 0.631579, 0.684211, 0.736842, 0.789474, 0.842105, 0.894737, 0.947368, 1.000000, ]
	 center in last trial:    [-0.006747, 0.062691, 0.092501, 0.150807, 0.219431, 0.259552, 0.317273, 0.362641, 0.418771, 0.478996, 0.511518, 0.593148, 0.619023, 0.689911, 0.731249, 0.785365, 0.837593, 0.907653, 0.929324, 1.008129, ]
	 CI UB in the last trial: [0.052234, 0.167222, 0.183828, 0.261030, 0.343427, 0.364983, 0.436855, 0.441160, 0.556901, 0.572734, 0.615229, 0.689627, 0.735665, 0.881022, 0.870265, 0.837623, 0.975607, 1.000927, 1.065006, 1.089480, ]
	 CI LB in the last trial: [-0.065729, -0.041840, 0.001175, 0.040584, 0.095434, 0.154120, 0.197692, 0.284123, 0.280640, 0.385259, 0.407807, 0.496669, 0.502381, 0.498800, 0.592233, 0.733107, 0.699579, 0.814379, 0.793642, 0.926777, ]
----->
	 Cov Rate: 0.9489 	 (0.22020170299068986) 	Avg Len: 0.022599788956784165 	 (1.665685497157255e-05) 
	 d: 20 	 n: 100000 	 R: 5 	 eta_0: 0.1 	 alpha: 0.501 	 # Trials: 500
	 True solution:           [0.000000, 0.052632, 0.105263, 0.157895, 0.210526, 0.263158, 0.315789, 0.368421, 0.421053, 0.473684, 0.526316, 0.578947, 0.631579, 0.684211, 0.736842, 0.789474, 0.842105, 0.894737, 0.947368, 1.000000, ]
	 center in last trial:    [-0.000440, 0.055605, 0.097260, 0.154194, 0.209424, 0.261836, 0.320339, 0.366778, 0.421274, 0.472454, 0.525868, 0.581578, 0.628638, 0.685272, 0.733180, 0.790715, 0.842285, 0.894567, 0.940458, 1.003250, ]
	 CI UB in the last trial: [0.017039, 0.069853, 0.117494, 0.171765, 0.232209, 0.277493, 0.341732, 0.380500, 0.448868, 0.494174, 0.538741, 0.597862, 0.645756, 0.712038, 0.757592, 0.804101, 0.857034, 0.915757, 0.950531, 1.009925, ]
	 CI LB in the last trial: [-0.017919, 0.041358, 0.077025, 0.136623, 0.186639, 0.246179, 0.298946, 0.353056, 0.393679, 0.450734, 0.512994, 0.565295, 0.611519, 0.658506, 0.708767, 0.777330, 0.827536, 0.873377, 0.930384, 0.996574, ]
----->
	 Cov Rate: 0.9498 	 (0.21835741343036652) 	Avg Len: 0.025109002038443407 	 (1.8602656445865682e-05) 
	 d: 20 	 n: 100000 	 R: 5 	 eta_0: 0.05 	 alpha: 0.501 	 # Trials: 500
	 True solution:           [0.000000, 0.052632, 0.105263, 0.157895, 0.210526, 0.263158, 0.315789, 0.368421, 0.421053, 0.473684, 0.526316, 0.578947, 0.631579, 0.684211, 0.736842, 0.789474, 0.842105, 0.894737, 0.947368, 1.000000, ]
	 center in last trial:    [-0.000741, 0.055280, 0.098386, 0.153171, 0.209966, 0.262063, 0.318651, 0.366927, 0.421199, 0.473835, 0.526031, 0.579616, 0.630162, 0.683573, 0.733410, 0.791634, 0.840950, 0.895439, 0.940043, 1.001773, ]
	 CI UB in the last trial: [0.015916, 0.073432, 0.117288, 0.174150, 0.239208, 0.278259, 0.342166, 0.381567, 0.445320, 0.494729, 0.533627, 0.598662, 0.645012, 0.707069, 0.755176, 0.806692, 0.854111, 0.915699, 0.957256, 1.010552, ]
	 CI LB in the last trial: [-0.017399, 0.037128, 0.079484, 0.132192, 0.180724, 0.245866, 0.295136, 0.352288, 0.397077, 0.452941, 0.518436, 0.560571, 0.615312, 0.660076, 0.711644, 0.776576, 0.827789, 0.875178, 0.922830, 0.992994, ]
----->
	 Cov Rate: 0.9059 	 (0.29196778931930145) 	Avg Len: 0.05707012015589463 	 (4.3087677640468386e-05) 
	 d: 20 	 n: 100000 	 R: 5 	 eta_0: 0.01 	 alpha: 0.501 	 # Trials: 500
	 True solution:           [0.000000, 0.052632, 0.105263, 0.157895, 0.210526, 0.263158, 0.315789, 0.368421, 0.421053, 0.473684, 0.526316, 0.578947, 0.631579, 0.684211, 0.736842, 0.789474, 0.842105, 0.894737, 0.947368, 1.000000, ]
	 center in last trial:    [-0.003839, 0.053738, 0.104101, 0.151027, 0.213791, 0.261442, 0.301419, 0.371607, 0.419960, 0.480391, 0.521218, 0.564719, 0.636172, 0.670618, 0.730551, 0.792209, 0.832327, 0.898908, 0.939037, 0.965386, ]
	 CI UB in the last trial: [0.013582, 0.101911, 0.144973, 0.215657, 0.290723, 0.318294, 0.358293, 0.436972, 0.453574, 0.496589, 0.571488, 0.612701, 0.672134, 0.695650, 0.759965, 0.838350, 0.878281, 0.954013, 1.020592, 1.005560, ]
	 CI LB in the last trial: [-0.021259, 0.005565, 0.063229, 0.086397, 0.136860, 0.204590, 0.244546, 0.306242, 0.386346, 0.464192, 0.470947, 0.516737, 0.600209, 0.645586, 0.701138, 0.746068, 0.786373, 0.843803, 0.857481, 0.925212, ]
----->
	 Cov Rate: 0.899 	 (0.3013287241535397) 	Avg Len: 0.2926534145367543 	 (0.0013043193632421178) 
	 d: 20 	 n: 100000 	 R: 10 	 eta_0: 0.5 	 alpha: 0.501 	 # Trials: 500
	 True solution:           [0.000000, 0.052632, 0.105263, 0.157895, 0.210526, 0.263158, 0.315789, 0.368421, 0.421053, 0.473684, 0.526316, 0.578947, 0.631579, 0.684211, 0.736842, 0.789474, 0.842105, 0.894737, 0.947368, 1.000000, ]
	 center in last trial:    [-0.006747, 0.062691, 0.092501, 0.150807, 0.219431, 0.259552, 0.317273, 0.362641, 0.418771, 0.478996, 0.511518, 0.593148, 0.619023, 0.689911, 0.731249, 0.785365, 0.837593, 0.907653, 0.929324, 1.008129, ]
	 CI UB in the last trial: [5.152755, 0.783590, 2.566625, 0.240855, 5.652335, 5.302712, 4.741081, 2.460437, 5.754939, 10.720257, 6.008206, 3.880632, 5.952976, 3.642956, 4.719762, 2.582130, 3.752983, 1.517056, 1.907354, 4.269683, ]
	 CI LB in the last trial: [-5.166250, -0.658209, -2.381623, 0.060758, -5.213474, -4.783609, -4.106534, -1.735154, -4.917397, -9.762264, -4.985170, -2.694335, -4.714930, -2.263134, -3.257265, -1.011400, -2.077797, 0.298251, -0.048706, -2.253426, ]
----->
	 Cov Rate: 0.9536 	 (0.2103498038981734) 	Avg Len: 0.01903620773233612 	 (9.180214845876397e-06) 
	 d: 20 	 n: 100000 	 R: 10 	 eta_0: 0.1 	 alpha: 0.501 	 # Trials: 500
	 True solution:           [0.000000, 0.052632, 0.105263, 0.157895, 0.210526, 0.263158, 0.315789, 0.368421, 0.421053, 0.473684, 0.526316, 0.578947, 0.631579, 0.684211, 0.736842, 0.789474, 0.842105, 0.894737, 0.947368, 1.000000, ]
	 center in last trial:    [-0.000440, 0.055605, 0.097260, 0.154194, 0.209424, 0.261836, 0.320339, 0.366778, 0.421274, 0.472454, 0.525868, 0.581578, 0.628638, 0.685272, 0.733180, 0.790715, 0.842285, 0.894567, 0.940458, 1.003250, ]
	 CI UB in the last trial: [0.014811, 0.067788, 0.118095, 0.177392, 0.229748, 0.276239, 0.349884, 0.385077, 0.440797, 0.488796, 0.538227, 0.595686, 0.649316, 0.708811, 0.750648, 0.817709, 0.858266, 0.910250, 0.958488, 1.013884, ]
	 CI LB in the last trial: [-0.015691, 0.043423, 0.076425, 0.130996, 0.189100, 0.247433, 0.290794, 0.348479, 0.401751, 0.456112, 0.513508, 0.567470, 0.607960, 0.661733, 0.715711, 0.763722, 0.826304, 0.878883, 0.922427, 0.992615, ]
----->
	 Cov Rate: 0.9495 	 (0.21897431356211622) 	Avg Len: 0.021151762300854953 	 (1.0365839058329475e-05) 
	 d: 20 	 n: 100000 	 R: 10 	 eta_0: 0.05 	 alpha: 0.501 	 # Trials: 500
	 True solution:           [0.000000, 0.052632, 0.105263, 0.157895, 0.210526, 0.263158, 0.315789, 0.368421, 0.421053, 0.473684, 0.526316, 0.578947, 0.631579, 0.684211, 0.736842, 0.789474, 0.842105, 0.894737, 0.947368, 1.000000, ]
	 center in last trial:    [-0.000741, 0.055280, 0.098386, 0.153171, 0.209966, 0.262063, 0.318651, 0.366927, 0.421199, 0.473835, 0.526031, 0.579616, 0.630162, 0.683573, 0.733410, 0.791634, 0.840950, 0.895439, 0.940043, 1.001773, ]
	 CI UB in the last trial: [0.014396, 0.068544, 0.120947, 0.181352, 0.232883, 0.277187, 0.349388, 0.384736, 0.438385, 0.487377, 0.539576, 0.596581, 0.649166, 0.702588, 0.749033, 0.821015, 0.857596, 0.911034, 0.960256, 1.013166, ]
	 CI LB in the last trial: [-0.015879, 0.042016, 0.075825, 0.124990, 0.187050, 0.246938, 0.287913, 0.349119, 0.404012, 0.460293, 0.512487, 0.562651, 0.611158, 0.664557, 0.717787, 0.762252, 0.824305, 0.879843, 0.919829, 0.990381, ]
----->
	 Cov Rate: 0.898 	 (0.3026483107502832) 	Avg Len: 0.04813636477136766 	 (2.4628989594149303e-05) 
	 d: 20 	 n: 100000 	 R: 10 	 eta_0: 0.01 	 alpha: 0.501 	 # Trials: 500
	 True solution:           [0.000000, 0.052632, 0.105263, 0.157895, 0.210526, 0.263158, 0.315789, 0.368421, 0.421053, 0.473684, 0.526316, 0.578947, 0.631579, 0.684211, 0.736842, 0.789474, 0.842105, 0.894737, 0.947368, 1.000000, ]
	 center in last trial:    [-0.003839, 0.053738, 0.104101, 0.151027, 0.213791, 0.261442, 0.301419, 0.371607, 0.419960, 0.480391, 0.521218, 0.564719, 0.636172, 0.670618, 0.730551, 0.792209, 0.832327, 0.898908, 0.939037, 0.965386, ]
	 CI UB in the last trial: [0.023793, 0.091829, 0.150413, 0.222440, 0.258446, 0.309891, 0.352081, 0.415534, 0.453476, 0.518843, 0.573714, 0.603418, 0.670574, 0.689481, 0.763543, 0.845138, 0.871391, 0.937357, 0.992502, 0.998692, ]
	 CI LB in the last trial: [-0.031471, 0.015647, 0.057789, 0.079614, 0.169136, 0.212993, 0.250758, 0.327679, 0.386445, 0.441938, 0.468721, 0.526021, 0.601770, 0.651755, 0.697560, 0.739280, 0.793263, 0.860459, 0.885571, 0.932081, ]
----->
	 Cov Rate: 0.8868 	 (0.31683711903752687) 	Avg Len: 1.1803592152106928 	 (0.005324479859087707) 
	 d: 20 	 n: 33333 	 R: 3 	 eta_0: 0.5 	 alpha: 0.501 	 # Trials: 500
	 True solution:           [0.000000, 0.052632, 0.105263, 0.157895, 0.210526, 0.263158, 0.315789, 0.368421, 0.421053, 0.473684, 0.526316, 0.578947, 0.631579, 0.684211, 0.736842, 0.789474, 0.842105, 0.894737, 0.947368, 1.000000, ]
	 center in last trial:    [-0.021599, 0.056839, 0.106717, 0.147852, 0.243336, 0.267054, 0.303013, 0.340679, 0.431066, 0.485776, 0.496351, 0.604982, 0.607677, 0.699269, 0.727520, 0.779383, 0.841420, 0.921322, 0.911235, 1.005494, ]
	 CI UB in the last trial: [0.915229, 1.038282, 0.671092, 0.536998, 1.480313, 0.798888, 0.627050, 0.712825, 1.370455, 1.687853, 1.267815, 0.928496, 4.079808, 2.375798, 1.038457, 1.621995, 3.011845, 3.321538, 3.966465, 2.598606, ]
	 CI LB in the last trial: [-0.958427, -0.924605, -0.457658, -0.241294, -0.993641, -0.264781, -0.021024, -0.031467, -0.508322, -0.716301, -0.275113, 0.281469, -2.864453, -0.977261, 0.416583, -0.063230, -1.329005, -1.478893, -2.143995, -0.587618, ]
----->
	 Cov Rate: 0.951 	 (0.21586801523152982) 	Avg Len: 0.06313327340433732 	 (6.696914144057915e-05) 
	 d: 20 	 n: 33333 	 R: 3 	 eta_0: 0.1 	 alpha: 0.501 	 # Trials: 500
	 True solution:           [0.000000, 0.052632, 0.105263, 0.157895, 0.210526, 0.263158, 0.315789, 0.368421, 0.421053, 0.473684, 0.526316, 0.578947, 0.631579, 0.684211, 0.736842, 0.789474, 0.842105, 0.894737, 0.947368, 1.000000, ]
	 center in last trial:    [-0.004965, 0.047259, 0.106085, 0.157570, 0.215127, 0.269219, 0.314285, 0.365742, 0.429656, 0.466237, 0.531773, 0.583602, 0.631096, 0.676912, 0.729681, 0.807309, 0.841427, 0.896771, 0.939062, 0.992376, ]
	 CI UB in the last trial: [0.074474, 0.143514, 0.168073, 0.182149, 0.224881, 0.372245, 0.412177, 0.390216, 0.450419, 0.473999, 0.624876, 0.653981, 0.689528, 0.688703, 0.777037, 0.893422, 0.933359, 0.950921, 0.959382, 1.051880, ]
	 CI LB in the last trial: [-0.084405, -0.048996, 0.044097, 0.132991, 0.205372, 0.166193, 0.216394, 0.341267, 0.408892, 0.458475, 0.438670, 0.513223, 0.572664, 0.665122, 0.682326, 0.721195, 0.749495, 0.842620, 0.918741, 0.932872, ]
----->
	 Cov Rate: 0.952 	 (0.2137662274541982) 	Avg Len: 0.07773706921489433 	 (8.280297011351082e-05) 
	 d: 20 	 n: 33333 	 R: 3 	 eta_0: 0.05 	 alpha: 0.501 	 # Trials: 500
	 True solution:           [0.000000, 0.052632, 0.105263, 0.157895, 0.210526, 0.263158, 0.315789, 0.368421, 0.421053, 0.473684, 0.526316, 0.578947, 0.631579, 0.684211, 0.736842, 0.789474, 0.842105, 0.894737, 0.947368, 1.000000, ]
	 center in last trial:    [-0.007394, 0.047320, 0.109380, 0.155380, 0.215974, 0.266759, 0.314016, 0.366127, 0.429374, 0.467318, 0.532851, 0.580602, 0.633530, 0.672604, 0.728022, 0.811796, 0.837394, 0.900727, 0.934223, 0.991979, ]
	 CI UB in the last trial: [0.086623, 0.165876, 0.185223, 0.168205, 0.228152, 0.379232, 0.418590, 0.384535, 0.462650, 0.498668, 0.645093, 0.656059, 0.748485, 0.710556, 0.762267, 0.911936, 0.945439, 0.921218, 0.950826, 1.049312, ]
	 CI LB in the last trial: [-0.101411, -0.071236, 0.033536, 0.142556, 0.203797, 0.154287, 0.209443, 0.347719, 0.396099, 0.435968, 0.420610, 0.505145, 0.518575, 0.634652, 0.693776, 0.711655, 0.729349, 0.880236, 0.917620, 0.934645, ]
----->
	 Cov Rate: 0.9095 	 (0.28689675843410983) 	Avg Len: 0.15085815323615387 	 (0.00016105820093655855) 
	 d: 20 	 n: 33333 	 R: 3 	 eta_0: 0.01 	 alpha: 0.501 	 # Trials: 500
	 True solution:           [0.000000, 0.052632, 0.105263, 0.157895, 0.210526, 0.263158, 0.315789, 0.368421, 0.421053, 0.473684, 0.526316, 0.578947, 0.631579, 0.684211, 0.736842, 0.789474, 0.842105, 0.894737, 0.947368, 1.000000, ]
	 center in last trial:    [-0.014894, 0.047207, 0.114193, 0.154856, 0.220557, 0.251971, 0.290439, 0.367078, 0.422581, 0.473591, 0.528698, 0.555019, 0.626692, 0.646043, 0.717012, 0.804822, 0.828194, 0.899371, 0.907766, 0.923130, ]
	 CI UB in the last trial: [0.130669, 0.219498, 0.324341, 0.302768, 0.243125, 0.373711, 0.405568, 0.437150, 0.566481, 0.633798, 0.801094, 0.642275, 0.855259, 0.765904, 0.739409, 0.894849, 1.006913, 1.030321, 0.930548, 1.021203, ]
	 CI LB in the last trial: [-0.160458, -0.125084, -0.095954, 0.006943, 0.197989, 0.130231, 0.175311, 0.297006, 0.278680, 0.313385, 0.256302, 0.467763, 0.398125, 0.526181, 0.694616, 0.714796, 0.649475, 0.768422, 0.884985, 0.825058, ]
----->
	 Cov Rate: 0.8798 	 (0.3251952644181646) 	Avg Len: 1.2816088202653608 	 (0.00455344179839484) 
	 d: 20 	 n: 20000 	 R: 5 	 eta_0: 0.5 	 alpha: 0.501 	 # Trials: 500
	 True solution:           [0.000000, 0.052632, 0.105263, 0.157895, 0.210526, 0.263158, 0.315789, 0.368421, 0.421053, 0.473684, 0.526316, 0.578947, 0.631579, 0.684211, 0.736842, 0.789474, 0.842105, 0.894737, 0.947368, 1.000000, ]
	 center in last trial:    [-0.017501, 0.052240, 0.138853, 0.130951, 0.236748, 0.263930, 0.315686, 0.326354, 0.446195, 0.492165, 0.496733, 0.586216, 0.624417, 0.699821, 0.719552, 0.768611, 0.877917, 0.882360, 0.936272, 1.020460, ]
	 CI UB in the last trial: [0.219349, 0.225633, 0.470204, 0.422481, 0.641347, 0.725542, 0.660359, 0.419087, 0.703305, 0.842204, 0.807295, 0.783121, 0.982113, 0.903317, 0.929392, 1.113206, 1.161157, 0.944864, 1.308010, 1.376360, ]
	 CI LB in the last trial: [-0.254351, -0.121152, -0.192498, -0.160579, -0.167851, -0.197682, -0.028987, 0.233621, 0.189085, 0.142127, 0.186170, 0.389312, 0.266721, 0.496326, 0.509711, 0.424016, 0.594676, 0.819856, 0.564535, 0.664561, ]
----->
	 Cov Rate: 0.9496 	 (0.21876891918186184) 	Avg Len: 0.05943583225018614 	 (4.44953962387538e-05) 
	 d: 20 	 n: 20000 	 R: 5 	 eta_0: 0.1 	 alpha: 0.501 	 # Trials: 500
	 True solution:           [0.000000, 0.052632, 0.105263, 0.157895, 0.210526, 0.263158, 0.315789, 0.368421, 0.421053, 0.473684, 0.526316, 0.578947, 0.631579, 0.684211, 0.736842, 0.789474, 0.842105, 0.894737, 0.947368, 1.000000, ]
	 center in last trial:    [-0.003408, 0.052925, 0.128831, 0.137235, 0.215837, 0.266916, 0.316835, 0.368015, 0.426392, 0.487103, 0.509320, 0.586584, 0.631323, 0.685989, 0.718682, 0.796403, 0.848175, 0.888519, 0.952748, 1.001100, ]
	 CI UB in the last trial: [0.035330, 0.087932, 0.168223, 0.202000, 0.270954, 0.333728, 0.405018, 0.473373, 0.535585, 0.569677, 0.591465, 0.609790, 0.732385, 0.762597, 0.775477, 0.852855, 0.885778, 0.920848, 1.051633, 1.096502, ]
	 CI LB in the last trial: [-0.042146, 0.017918, 0.089439, 0.072470, 0.160719, 0.200104, 0.228652, 0.262658, 0.317199, 0.404529, 0.427175, 0.563377, 0.530260, 0.609381, 0.661887, 0.739951, 0.810572, 0.856190, 0.853863, 0.905698, ]
----->
	 Cov Rate: 0.9488 	 (0.2204054445788488) 	Avg Len: 0.07725866437207389 	 (5.879197566375628e-05) 
	 d: 20 	 n: 20000 	 R: 5 	 eta_0: 0.05 	 alpha: 0.501 	 # Trials: 500
	 True solution:           [0.000000, 0.052632, 0.105263, 0.157895, 0.210526, 0.263158, 0.315789, 0.368421, 0.421053, 0.473684, 0.526316, 0.578947, 0.631579, 0.684211, 0.736842, 0.789474, 0.842105, 0.894737, 0.947368, 1.000000, ]
	 center in last trial:    [-0.008154, 0.055279, 0.133584, 0.136142, 0.212524, 0.267672, 0.315065, 0.365870, 0.428817, 0.489998, 0.507199, 0.585784, 0.627643, 0.686974, 0.715193, 0.800418, 0.843988, 0.892303, 0.947479, 0.997393, ]
	 CI UB in the last trial: [0.035371, 0.092332, 0.174310, 0.216551, 0.277069, 0.339225, 0.433097, 0.497540, 0.576412, 0.603316, 0.628213, 0.633081, 0.743738, 0.751332, 0.766641, 0.861425, 0.891651, 0.945373, 1.058387, 1.102439, ]
	 CI LB in the last trial: [-0.051679, 0.018227, 0.092859, 0.055732, 0.147979, 0.196119, 0.197032, 0.234200, 0.281223, 0.376680, 0.386186, 0.538487, 0.511549, 0.622616, 0.663745, 0.739410, 0.796324, 0.839233, 0.836572, 0.892347, ]
----->
	 Cov Rate: 0.88 	 (0.32496153618543844) 	Avg Len: 0.12905358494508495 	 (9.688977149024559e-05) 
	 d: 20 	 n: 20000 	 R: 5 	 eta_0: 0.01 	 alpha: 0.501 	 # Trials: 500
	 True solution:           [0.000000, 0.052632, 0.105263, 0.157895, 0.210526, 0.263158, 0.315789, 0.368421, 0.421053, 0.473684, 0.526316, 0.578947, 0.631579, 0.684211, 0.736842, 0.789474, 0.842105, 0.894737, 0.947368, 1.000000, ]
	 center in last trial:    [-0.025566, 0.062543, 0.139392, 0.149730, 0.207062, 0.251495, 0.278536, 0.357650, 0.431714, 0.487452, 0.503514, 0.547344, 0.605386, 0.654668, 0.692981, 0.784559, 0.833044, 0.888318, 0.902750, 0.886101, ]
	 CI UB in the last trial: [0.087049, 0.118648, 0.182851, 0.236480, 0.305872, 0.317335, 0.454570, 0.564231, 0.611543, 0.696750, 0.725912, 0.668948, 0.788010, 0.804151, 0.783298, 0.854512, 0.954048, 1.049543, 1.048460, 1.059096, ]
	 CI LB in the last trial: [-0.138182, 0.006438, 0.095933, 0.062981, 0.108252, 0.185655, 0.102503, 0.151069, 0.251884, 0.278155, 0.281116, 0.425741, 0.422762, 0.505185, 0.602664, 0.714606, 0.712041, 0.727093, 0.757040, 0.713105, ]
----->
	 Cov Rate: 0.9018 	 (0.2975848786480926) 	Avg Len: 2.5118544441078496 	 (0.007972153114287157) 
	 d: 20 	 n: 10000 	 R: 10 	 eta_0: 0.5 	 alpha: 0.501 	 # Trials: 500
	 True solution:           [0.000000, 0.052632, 0.105263, 0.157895, 0.210526, 0.263158, 0.315789, 0.368421, 0.421053, 0.473684, 0.526316, 0.578947, 0.631579, 0.684211, 0.736842, 0.789474, 0.842105, 0.894737, 0.947368, 1.000000, ]
	 center in last trial:    [-0.009057, 0.019387, 0.150618, 0.138035, 0.227302, 0.254473, 0.339064, 0.313578, 0.450218, 0.462197, 0.564511, 0.544567, 0.654676, 0.678176, 0.740594, 0.759941, 0.918344, 0.819899, 0.983433, 1.004960, ]
	 CI UB in the last trial: [2.214195, 1.691116, 1.517930, 3.218087, 4.455934, 5.441661, 3.418163, 4.072106, 4.866558, 2.688355, 1.124912, 1.381914, 2.160310, 1.578993, 1.447686, 2.814968, 1.539754, 2.043809, 2.607060, 1.611858, ]
	 CI LB in the last trial: [-2.232308, -1.652342, -1.216695, -2.942017, -4.001330, -4.932715, -2.740034, -3.444950, -3.966121, -1.763962, 0.004111, -0.292780, -0.850959, -0.222640, 0.033502, -1.295086, 0.296934, -0.404012, -0.640194, 0.398061, ]
----->
	 Cov Rate: 0.9442 	 (0.22953509535580832) 	Avg Len: 0.08130460680843443 	 (4.25629531994173e-05) 
	 d: 20 	 n: 10000 	 R: 10 	 eta_0: 0.1 	 alpha: 0.501 	 # Trials: 500
	 True solution:           [0.000000, 0.052632, 0.105263, 0.157895, 0.210526, 0.263158, 0.315789, 0.368421, 0.421053, 0.473684, 0.526316, 0.578947, 0.631579, 0.684211, 0.736842, 0.789474, 0.842105, 0.894737, 0.947368, 1.000000, ]
	 center in last trial:    [-0.022286, 0.068609, 0.104809, 0.145330, 0.230541, 0.248067, 0.316938, 0.389000, 0.394309, 0.482700, 0.519125, 0.585459, 0.640536, 0.660773, 0.732257, 0.789899, 0.833419, 0.909170, 0.943070, 0.995634, ]
	 CI UB in the last trial: [0.061675, 0.134123, 0.192668, 0.270316, 0.317570, 0.331493, 0.437947, 0.501416, 0.471090, 0.546382, 0.616950, 0.692856, 0.709616, 0.724441, 0.812502, 0.891846, 0.909233, 0.950838, 1.011034, 1.078977, ]
	 CI LB in the last trial: [-0.106246, 0.003096, 0.016951, 0.020343, 0.143512, 0.164641, 0.195929, 0.276584, 0.317528, 0.419019, 0.421300, 0.478062, 0.571456, 0.597105, 0.652013, 0.687953, 0.757605, 0.867502, 0.875106, 0.912291, ]
----->
	 Cov Rate: 0.9432 	 (0.23146006134968516) 	Avg Len: 0.1085357946128503 	 (5.674090514248316e-05) 
	 d: 20 	 n: 10000 	 R: 10 	 eta_0: 0.05 	 alpha: 0.501 	 # Trials: 500
	 True solution:           [0.000000, 0.052632, 0.105263, 0.157895, 0.210526, 0.263158, 0.315789, 0.368421, 0.421053, 0.473684, 0.526316, 0.578947, 0.631579, 0.684211, 0.736842, 0.789474, 0.842105, 0.894737, 0.947368, 1.000000, ]
	 center in last trial:    [-0.034077, 0.076527, 0.104798, 0.149963, 0.229753, 0.244896, 0.310744, 0.390986, 0.394685, 0.485643, 0.522755, 0.575402, 0.641702, 0.656462, 0.727832, 0.800386, 0.819919, 0.920944, 0.928243, 0.991623, ]
	 CI UB in the last trial: [0.077555, 0.164626, 0.231352, 0.303426, 0.348062, 0.359280, 0.479475, 0.505827, 0.477811, 0.554737, 0.617004, 0.663636, 0.750930, 0.753072, 0.839859, 0.920983, 0.884796, 1.002971, 1.026268, 1.101830, ]
	 CI LB in the last trial: [-0.145709, -0.011572, -0.021755, -0.003499, 0.111445, 0.130512, 0.142013, 0.276146, 0.311558, 0.416548, 0.428507, 0.487168, 0.532474, 0.559852, 0.615806, 0.679788, 0.755042, 0.838917, 0.830219, 0.881415, ]
----->
	 Cov Rate: 0.8045 	 (0.3965851106635246) 	Avg Len: 0.14051192062815437 	 (6.978497880444026e-05) 
	 d: 20 	 n: 10000 	 R: 10 	 eta_0: 0.01 	 alpha: 0.501 	 # Trials: 500
	 True solution:           [0.000000, 0.052632, 0.105263, 0.157895, 0.210526, 0.263158, 0.315789, 0.368421, 0.421053, 0.473684, 0.526316, 0.578947, 0.631579, 0.684211, 0.736842, 0.789474, 0.842105, 0.894737, 0.947368, 1.000000, ]
	 center in last trial:    [-0.041299, 0.070584, 0.112240, 0.170785, 0.225249, 0.219421, 0.260258, 0.360695, 0.399314, 0.479400, 0.503889, 0.505159, 0.583599, 0.608447, 0.686834, 0.768026, 0.793648, 0.878536, 0.848017, 0.820168, ]
	 CI UB in the last trial: [0.124697, 0.186708, 0.281086, 0.355437, 0.341337, 0.339907, 0.467570, 0.430277, 0.477956, 0.607438, 0.602409, 0.636889, 0.776341, 0.729213, 0.808814, 0.863083, 0.862240, 1.037533, 0.973887, 1.028758, ]
	 CI LB in the last trial: [-0.207295, -0.045540, -0.056606, -0.013867, 0.109161, 0.098936, 0.052945, 0.291113, 0.320671, 0.351362, 0.405370, 0.373429, 0.390857, 0.487682, 0.564853, 0.672969, 0.725056, 0.719540, 0.722147, 0.611578, ]
----->
	 Cov Rate: 0.9508 	 (0.21628536705010812) 	Avg Len: 17.138777025409052 	 (0.03925123491615329) 
	 d: 20 	 n: 2000 	 R: 50 	 eta_0: 0.5 	 alpha: 0.501 	 # Trials: 500
	 True solution:           [0.000000, 0.052632, 0.105263, 0.157895, 0.210526, 0.263158, 0.315789, 0.368421, 0.421053, 0.473684, 0.526316, 0.578947, 0.631579, 0.684211, 0.736842, 0.789474, 0.842105, 0.894737, 0.947368, 1.000000, ]
	 center in last trial:    [-0.217187, 0.143532, 0.141204, 0.018470, 0.585720, 0.269024, 0.125192, 0.073127, 0.470005, 0.847759, -0.025573, 0.847718, 0.362735, 0.881853, 0.724267, 0.502343, 0.836558, 1.305669, 0.496240, 1.197987, ]
	 CI UB in the last trial: [7.740123, 8.063029, 7.639954, 5.506342, 6.286003, 7.041092, 6.722667, 6.283517, 9.953206, 8.119934, 6.418141, 8.514445, 6.236225, 7.691168, 5.589311, 5.286227, 8.411858, 7.102305, 11.970628, 6.790507, ]
	 CI LB in the last trial: [-8.174497, -7.775965, -7.357547, -5.469402, -5.114562, -6.503044, -6.472282, -6.137263, -9.013196, -6.424416, -6.469287, -6.819009, -5.510755, -5.927463, -4.140777, -4.281541, -6.738742, -4.490967, -10.978149, -4.394532, ]
----->
	 Cov Rate: 0.9481 	 (0.2218251338329361) 	Avg Len: 0.24958488148921523 	 (7.000106048430909e-05) 
	 d: 20 	 n: 2000 	 R: 50 	 eta_0: 0.1 	 alpha: 0.501 	 # Trials: 500
	 True solution:           [0.000000, 0.052632, 0.105263, 0.157895, 0.210526, 0.263158, 0.315789, 0.368421, 0.421053, 0.473684, 0.526316, 0.578947, 0.631579, 0.684211, 0.736842, 0.789474, 0.842105, 0.894737, 0.947368, 1.000000, ]
	 center in last trial:    [-0.007565, 0.018387, 0.149001, 0.134174, 0.170571, 0.311676, 0.315094, 0.391586, 0.419358, 0.564735, 0.385920, 0.618515, 0.623320, 0.617612, 0.731141, 0.837710, 0.849856, 0.995350, 0.791882, 1.048025, ]
	 CI UB in the last trial: [0.185070, 0.297977, 0.428753, 0.396443, 0.451524, 0.539072, 0.470381, 0.578428, 0.622654, 0.768893, 0.630121, 0.859931, 0.837513, 0.871022, 1.006687, 1.150219, 1.155897, 1.276164, 1.005596, 1.216797, ]
	 CI LB in the last trial: [-0.200199, -0.261204, -0.130750, -0.128096, -0.110381, 0.084281, 0.159808, 0.204743, 0.216062, 0.360576, 0.141719, 0.377098, 0.409128, 0.364201, 0.455596, 0.525202, 0.543815, 0.714536, 0.578168, 0.879254, ]
----->
	 Cov Rate: 0.9447 	 (0.22856489231725854) 	Avg Len: 0.2708892667426786 	 (6.490065528644653e-05) 
	 d: 20 	 n: 2000 	 R: 50 	 eta_0: 0.05 	 alpha: 0.501 	 # Trials: 500
	 True solution:           [0.000000, 0.052632, 0.105263, 0.157895, 0.210526, 0.263158, 0.315789, 0.368421, 0.421053, 0.473684, 0.526316, 0.578947, 0.631579, 0.684211, 0.736842, 0.789474, 0.842105, 0.894737, 0.947368, 1.000000, ]
	 center in last trial:    [-0.032021, 0.021042, 0.164731, 0.137712, 0.160867, 0.298064, 0.303568, 0.390964, 0.438335, 0.551678, 0.419506, 0.583853, 0.618398, 0.588354, 0.720546, 0.864191, 0.835864, 0.980003, 0.793455, 0.986360, ]
	 CI UB in the last trial: [0.193858, 0.282561, 0.440556, 0.420026, 0.473115, 0.561617, 0.507597, 0.628085, 0.688649, 0.798218, 0.688656, 0.837265, 0.861234, 0.852266, 1.032412, 1.188855, 1.128362, 1.232913, 1.017702, 1.180748, ]
	 CI LB in the last trial: [-0.257901, -0.240478, -0.111095, -0.144602, -0.151381, 0.034511, 0.099540, 0.153844, 0.188021, 0.305138, 0.150355, 0.330441, 0.375561, 0.324443, 0.408680, 0.539527, 0.543366, 0.727092, 0.569209, 0.791972, ]
----->
	 Cov Rate: 0.4586 	 (0.49828309222770145) 	Avg Len: 0.20400759582521222 	 (4.572494566322605e-05) 
	 d: 20 	 n: 2000 	 R: 50 	 eta_0: 0.01 	 alpha: 0.501 	 # Trials: 500
	 True solution:           [0.000000, 0.052632, 0.105263, 0.157895, 0.210526, 0.263158, 0.315789, 0.368421, 0.421053, 0.473684, 0.526316, 0.578947, 0.631579, 0.684211, 0.736842, 0.789474, 0.842105, 0.894737, 0.947368, 1.000000, ]
	 center in last trial:    [-0.035713, 0.035023, 0.121033, 0.144430, 0.155528, 0.191253, 0.200534, 0.305165, 0.375173, 0.435027, 0.390218, 0.402420, 0.453001, 0.452912, 0.563693, 0.673417, 0.680877, 0.725660, 0.614316, 0.592182, ]
	 CI UB in the last trial: [0.174259, 0.228852, 0.312485, 0.310651, 0.339350, 0.409592, 0.398736, 0.502444, 0.576294, 0.632008, 0.567782, 0.589692, 0.617251, 0.619833, 0.783252, 0.895539, 0.869827, 0.906482, 0.835671, 0.784944, ]
	 CI LB in the last trial: [-0.245685, -0.158806, -0.070419, -0.021792, -0.028294, -0.027087, 0.002332, 0.107887, 0.174053, 0.238046, 0.212653, 0.215147, 0.288750, 0.285990, 0.344133, 0.451296, 0.491928, 0.544838, 0.392961, 0.399420, ]
----->
	 Cov Rate: 0.9508 	 (0.21628536705010812) 	Avg Len: 17.138777025409052 	 (0.03925123491615329) 
	 d: 20 	 n: 2000 	 R: 50 	 eta_0: 0.5 	 alpha: 0.501 	 # Trials: 500
	 True solution:           [0.000000, 0.052632, 0.105263, 0.157895, 0.210526, 0.263158, 0.315789, 0.368421, 0.421053, 0.473684, 0.526316, 0.578947, 0.631579, 0.684211, 0.736842, 0.789474, 0.842105, 0.894737, 0.947368, 1.000000, ]
	 center in last trial:    [-0.217187, 0.143532, 0.141204, 0.018470, 0.585720, 0.269024, 0.125192, 0.073127, 0.470005, 0.847759, -0.025573, 0.847718, 0.362735, 0.881853, 0.724267, 0.502343, 0.836558, 1.305669, 0.496240, 1.197987, ]
	 CI UB in the last trial: [7.740123, 8.063029, 7.639954, 5.506342, 6.286003, 7.041092, 6.722667, 6.283517, 9.953206, 8.119934, 6.418141, 8.514445, 6.236225, 7.691168, 5.589311, 5.286227, 8.411858, 7.102305, 11.970628, 6.790507, ]
	 CI LB in the last trial: [-8.174497, -7.775965, -7.357547, -5.469402, -5.114562, -6.503044, -6.472282, -6.137263, -9.013196, -6.424416, -6.469287, -6.819009, -5.510755, -5.927463, -4.140777, -4.281541, -6.738742, -4.490967, -10.978149, -4.394532, ]
----->
	 Cov Rate: 0.9481 	 (0.2218251338329361) 	Avg Len: 0.24958488148921523 	 (7.000106048430909e-05) 
	 d: 20 	 n: 2000 	 R: 50 	 eta_0: 0.1 	 alpha: 0.501 	 # Trials: 500
	 True solution:           [0.000000, 0.052632, 0.105263, 0.157895, 0.210526, 0.263158, 0.315789, 0.368421, 0.421053, 0.473684, 0.526316, 0.578947, 0.631579, 0.684211, 0.736842, 0.789474, 0.842105, 0.894737, 0.947368, 1.000000, ]
	 center in last trial:    [-0.007565, 0.018387, 0.149001, 0.134174, 0.170571, 0.311676, 0.315094, 0.391586, 0.419358, 0.564735, 0.385920, 0.618515, 0.623320, 0.617612, 0.731141, 0.837710, 0.849856, 0.995350, 0.791882, 1.048025, ]
	 CI UB in the last trial: [0.185070, 0.297977, 0.428753, 0.396443, 0.451524, 0.539072, 0.470381, 0.578428, 0.622654, 0.768893, 0.630121, 0.859931, 0.837513, 0.871022, 1.006687, 1.150219, 1.155897, 1.276164, 1.005596, 1.216797, ]
	 CI LB in the last trial: [-0.200199, -0.261204, -0.130750, -0.128096, -0.110381, 0.084281, 0.159808, 0.204743, 0.216062, 0.360576, 0.141719, 0.377098, 0.409128, 0.364201, 0.455596, 0.525202, 0.543815, 0.714536, 0.578168, 0.879254, ]
----->
	 Cov Rate: 0.9447 	 (0.22856489231725854) 	Avg Len: 0.2708892667426786 	 (6.490065528644653e-05) 
	 d: 20 	 n: 2000 	 R: 50 	 eta_0: 0.05 	 alpha: 0.501 	 # Trials: 500
	 True solution:           [0.000000, 0.052632, 0.105263, 0.157895, 0.210526, 0.263158, 0.315789, 0.368421, 0.421053, 0.473684, 0.526316, 0.578947, 0.631579, 0.684211, 0.736842, 0.789474, 0.842105, 0.894737, 0.947368, 1.000000, ]
	 center in last trial:    [-0.032021, 0.021042, 0.164731, 0.137712, 0.160867, 0.298064, 0.303568, 0.390964, 0.438335, 0.551678, 0.419506, 0.583853, 0.618398, 0.588354, 0.720546, 0.864191, 0.835864, 0.980003, 0.793455, 0.986360, ]
	 CI UB in the last trial: [0.193858, 0.282561, 0.440556, 0.420026, 0.473115, 0.561617, 0.507597, 0.628085, 0.688649, 0.798218, 0.688656, 0.837265, 0.861234, 0.852266, 1.032412, 1.188855, 1.128362, 1.232913, 1.017702, 1.180748, ]
	 CI LB in the last trial: [-0.257901, -0.240478, -0.111095, -0.144602, -0.151381, 0.034511, 0.099540, 0.153844, 0.188021, 0.305138, 0.150355, 0.330441, 0.375561, 0.324443, 0.408680, 0.539527, 0.543366, 0.727092, 0.569209, 0.791972, ]
----->
	 Cov Rate: 0.4586 	 (0.49828309222770145) 	Avg Len: 0.20400759582521222 	 (4.572494566322605e-05) 
	 d: 20 	 n: 2000 	 R: 50 	 eta_0: 0.01 	 alpha: 0.501 	 # Trials: 500
	 True solution:           [0.000000, 0.052632, 0.105263, 0.157895, 0.210526, 0.263158, 0.315789, 0.368421, 0.421053, 0.473684, 0.526316, 0.578947, 0.631579, 0.684211, 0.736842, 0.789474, 0.842105, 0.894737, 0.947368, 1.000000, ]
	 center in last trial:    [-0.035713, 0.035023, 0.121033, 0.144430, 0.155528, 0.191253, 0.200534, 0.305165, 0.375173, 0.435027, 0.390218, 0.402420, 0.453001, 0.452912, 0.563693, 0.673417, 0.680877, 0.725660, 0.614316, 0.592182, ]
	 CI UB in the last trial: [0.174259, 0.228852, 0.312485, 0.310651, 0.339350, 0.409592, 0.398736, 0.502444, 0.576294, 0.632008, 0.567782, 0.589692, 0.617251, 0.619833, 0.783252, 0.895539, 0.869827, 0.906482, 0.835671, 0.784944, ]
	 CI LB in the last trial: [-0.245685, -0.158806, -0.070419, -0.021792, -0.028294, -0.027087, 0.002332, 0.107887, 0.174053, 0.238046, 0.212653, 0.215147, 0.288750, 0.285990, 0.344133, 0.451296, 0.491928, 0.544838, 0.392961, 0.399420, ]
----->
	 Cov Rate: 0.9472 	 (0.2236339866835987) 	Avg Len: 0.33926101965565747 	 (0.0009480945186875213) 
	 d: 20 	 n: 100000 	 R: 50 	 eta_0: 0.5 	 alpha: 0.501 	 # Trials: 500
	 True solution:           [0.000000, 0.052632, 0.105263, 0.157895, 0.210526, 0.263158, 0.315789, 0.368421, 0.421053, 0.473684, 0.526316, 0.578947, 0.631579, 0.684211, 0.736842, 0.789474, 0.842105, 0.894737, 0.947368, 1.000000, ]
	 center in last trial:    [-0.006747, 0.062691, 0.092501, 0.150807, 0.219431, 0.259552, 0.317273, 0.362641, 0.418771, 0.478996, 0.511518, 0.593148, 0.619023, 0.689911, 0.731249, 0.785365, 0.837593, 0.907653, 0.929324, 1.008129, ]
	 CI UB in the last trial: [2.047519, 0.388406, 1.096578, 0.334813, 2.384694, 2.280965, 2.084041, 1.201866, 2.541136, 4.555477, 2.696157, 1.909012, 2.742312, 1.874316, 2.337416, 1.513667, 2.010129, 1.178802, 1.332131, 2.306535, ]
	 CI LB in the last trial: [-2.061013, -0.263024, -0.911576, -0.033200, -1.945833, -1.761862, -1.449494, -0.476583, -1.703595, -3.597485, -1.673121, -0.722715, -1.504265, -0.494493, -0.874918, 0.057063, -0.334943, 0.636504, 0.526517, -0.290278, ]
----->
	 Cov Rate: 0.899 	 (0.3013287241535397) 	Avg Len: 0.2926534145367543 	 (0.0013043193632421178) 
	 d: 20 	 n: 100000 	 R: 10 	 eta_0: 0.5 	 alpha: 0.501 	 # Trials: 500
	 True solution:           [0.000000, 0.052632, 0.105263, 0.157895, 0.210526, 0.263158, 0.315789, 0.368421, 0.421053, 0.473684, 0.526316, 0.578947, 0.631579, 0.684211, 0.736842, 0.789474, 0.842105, 0.894737, 0.947368, 1.000000, ]
	 center in last trial:    [-0.006747, 0.062691, 0.092501, 0.150807, 0.219431, 0.259552, 0.317273, 0.362641, 0.418771, 0.478996, 0.511518, 0.593148, 0.619023, 0.689911, 0.731249, 0.785365, 0.837593, 0.907653, 0.929324, 1.008129, ]
	 CI UB in the last trial: [5.152755, 0.783590, 2.566625, 0.240855, 5.652335, 5.302712, 4.741081, 2.460437, 5.754939, 10.720257, 6.008206, 3.880632, 5.952976, 3.642956, 4.719762, 2.582130, 3.752983, 1.517056, 1.907354, 4.269683, ]
	 CI LB in the last trial: [-5.166250, -0.658209, -2.381623, 0.060758, -5.213474, -4.783609, -4.106534, -1.735154, -4.917397, -9.762264, -4.985170, -2.694335, -4.714930, -2.263134, -3.257265, -1.011400, -2.077797, 0.298251, -0.048706, -2.253426, ]
----->
	 Cov Rate: 0.9536 	 (0.2103498038981734) 	Avg Len: 0.01903620773233612 	 (9.180214845876397e-06) 
	 d: 20 	 n: 100000 	 R: 10 	 eta_0: 0.1 	 alpha: 0.501 	 # Trials: 500
	 True solution:           [0.000000, 0.052632, 0.105263, 0.157895, 0.210526, 0.263158, 0.315789, 0.368421, 0.421053, 0.473684, 0.526316, 0.578947, 0.631579, 0.684211, 0.736842, 0.789474, 0.842105, 0.894737, 0.947368, 1.000000, ]
	 center in last trial:    [-0.000440, 0.055605, 0.097260, 0.154194, 0.209424, 0.261836, 0.320339, 0.366778, 0.421274, 0.472454, 0.525868, 0.581578, 0.628638, 0.685272, 0.733180, 0.790715, 0.842285, 0.894567, 0.940458, 1.003250, ]
	 CI UB in the last trial: [0.014811, 0.067788, 0.118095, 0.177392, 0.229748, 0.276239, 0.349884, 0.385077, 0.440797, 0.488796, 0.538227, 0.595686, 0.649316, 0.708811, 0.750648, 0.817709, 0.858266, 0.910250, 0.958488, 1.013884, ]
	 CI LB in the last trial: [-0.015691, 0.043423, 0.076425, 0.130996, 0.189100, 0.247433, 0.290794, 0.348479, 0.401751, 0.456112, 0.513508, 0.567470, 0.607960, 0.661733, 0.715711, 0.763722, 0.826304, 0.878883, 0.922427, 0.992615, ]
----->
	 Cov Rate: 0.9495 	 (0.21897431356211622) 	Avg Len: 0.021151762300854953 	 (1.0365839058329475e-05) 
	 d: 20 	 n: 100000 	 R: 10 	 eta_0: 0.05 	 alpha: 0.501 	 # Trials: 500
	 True solution:           [0.000000, 0.052632, 0.105263, 0.157895, 0.210526, 0.263158, 0.315789, 0.368421, 0.421053, 0.473684, 0.526316, 0.578947, 0.631579, 0.684211, 0.736842, 0.789474, 0.842105, 0.894737, 0.947368, 1.000000, ]
	 center in last trial:    [-0.000741, 0.055280, 0.098386, 0.153171, 0.209966, 0.262063, 0.318651, 0.366927, 0.421199, 0.473835, 0.526031, 0.579616, 0.630162, 0.683573, 0.733410, 0.791634, 0.840950, 0.895439, 0.940043, 1.001773, ]
	 CI UB in the last trial: [0.014396, 0.068544, 0.120947, 0.181352, 0.232883, 0.277187, 0.349388, 0.384736, 0.438385, 0.487377, 0.539576, 0.596581, 0.649166, 0.702588, 0.749033, 0.821015, 0.857596, 0.911034, 0.960256, 1.013166, ]
	 CI LB in the last trial: [-0.015879, 0.042016, 0.075825, 0.124990, 0.187050, 0.246938, 0.287913, 0.349119, 0.404012, 0.460293, 0.512487, 0.562651, 0.611158, 0.664557, 0.717787, 0.762252, 0.824305, 0.879843, 0.919829, 0.990381, ]
----->
	 Cov Rate: 0.898 	 (0.3026483107502832) 	Avg Len: 0.04813636477136766 	 (2.4628989594149303e-05) 
	 d: 20 	 n: 100000 	 R: 10 	 eta_0: 0.01 	 alpha: 0.501 	 # Trials: 500
	 True solution:           [0.000000, 0.052632, 0.105263, 0.157895, 0.210526, 0.263158, 0.315789, 0.368421, 0.421053, 0.473684, 0.526316, 0.578947, 0.631579, 0.684211, 0.736842, 0.789474, 0.842105, 0.894737, 0.947368, 1.000000, ]
	 center in last trial:    [-0.003839, 0.053738, 0.104101, 0.151027, 0.213791, 0.261442, 0.301419, 0.371607, 0.419960, 0.480391, 0.521218, 0.564719, 0.636172, 0.670618, 0.730551, 0.792209, 0.832327, 0.898908, 0.939037, 0.965386, ]
	 CI UB in the last trial: [0.023793, 0.091829, 0.150413, 0.222440, 0.258446, 0.309891, 0.352081, 0.415534, 0.453476, 0.518843, 0.573714, 0.603418, 0.670574, 0.689481, 0.763543, 0.845138, 0.871391, 0.937357, 0.992502, 0.998692, ]
	 CI LB in the last trial: [-0.031471, 0.015647, 0.057789, 0.079614, 0.169136, 0.212993, 0.250758, 0.327679, 0.386445, 0.441938, 0.468721, 0.526021, 0.601770, 0.651755, 0.697560, 0.739280, 0.793263, 0.860459, 0.885571, 0.932081, ]
