----->
	 Cov Rate: 0.9239 	 (0.2651580472095841) 	Avg Len: 0.01308556785119258 	 (7.573381016295596e-06) 
	 d: 20 	 n: 100000 	 M ratio: 0.2 	 eta_0: 0.1 	 alpha: 0.501 	 # Trials: 500
	 True solution:           [0.000000, 0.052632, 0.105263, 0.157895, 0.210526, 0.263158, 0.315789, 0.368421, 0.421053, 0.473684, 0.526316, 0.578947, 0.631579, 0.684211, 0.736842, 0.789474, 0.842105, 0.894737, 0.947368, 1.000000, ]
	 center in last trial:    [0.004727, 0.052054, 0.111195, 0.156241, 0.211986, 0.265289, 0.311815, 0.372738, 0.418611, 0.471774, 0.523036, 0.577518, 0.629342, 0.681245, 0.737735, 0.787371, 0.846208, 0.891432, 0.944738, 1.000094, ]
	 CI UB in the last trial: [0.022043, 0.076195, 0.117064, 0.166922, 0.224379, 0.285660, 0.324692, 0.392762, 0.439462, 0.489066, 0.537033, 0.589610, 0.640330, 0.692891, 0.753403, 0.800736, 0.857588, 0.899538, 0.957229, 1.008415, ]
	 CI LB in the last trial: [-0.012588, 0.027912, 0.105327, 0.145561, 0.199593, 0.244917, 0.298937, 0.352714, 0.397761, 0.454482, 0.509040, 0.565425, 0.618354, 0.669599, 0.722067, 0.774007, 0.834828, 0.883326, 0.932246, 0.991774, ]
----->
	 Cov Rate: 0.944 	 (0.22992172581119863) 	Avg Len: 0.01740642039950354 	 (1.493356121941171e-05) 
	 d: 20 	 n: 100000 	 M ratio: 0.2 	 eta_0: 0.05 	 alpha: 0.501 	 # Trials: 500
	 True solution:           [0.000000, 0.052632, 0.105263, 0.157895, 0.210526, 0.263158, 0.315789, 0.368421, 0.421053, 0.473684, 0.526316, 0.578947, 0.631579, 0.684211, 0.736842, 0.789474, 0.842105, 0.894737, 0.947368, 1.000000, ]
	 center in last trial:    [0.003888, 0.052769, 0.111182, 0.156676, 0.212050, 0.265869, 0.311439, 0.372156, 0.418093, 0.471447, 0.522548, 0.576286, 0.628492, 0.681245, 0.736984, 0.786535, 0.845526, 0.890226, 0.943401, 0.998004, ]
	 CI UB in the last trial: [0.020013, 0.078413, 0.116932, 0.167947, 0.224626, 0.286537, 0.328194, 0.395742, 0.434089, 0.485018, 0.539639, 0.595797, 0.635764, 0.690761, 0.747927, 0.798935, 0.860413, 0.905429, 0.954300, 1.017814, ]
	 CI LB in the last trial: [-0.012238, 0.027126, 0.105432, 0.145405, 0.199474, 0.245201, 0.294683, 0.348570, 0.402097, 0.457875, 0.505458, 0.556776, 0.621220, 0.671728, 0.726040, 0.774135, 0.830639, 0.875023, 0.932502, 0.978194, ]
----->
	 Cov Rate: 0.9085 	 (0.2883188339321592) 	Avg Len: 0.06671137161945927 	 (7.914315492974533e-05) 
	 d: 20 	 n: 100000 	 M ratio: 0.2 	 eta_0: 0.01 	 alpha: 0.501 	 # Trials: 500
	 True solution:           [0.000000, 0.052632, 0.105263, 0.157895, 0.210526, 0.263158, 0.315789, 0.368421, 0.421053, 0.473684, 0.526316, 0.578947, 0.631579, 0.684211, 0.736842, 0.789474, 0.842105, 0.894737, 0.947368, 1.000000, ]
	 center in last trial:    [-0.000105, 0.057164, 0.107354, 0.153602, 0.207631, 0.258419, 0.296926, 0.354711, 0.402223, 0.450282, 0.496089, 0.545645, 0.601272, 0.650585, 0.706315, 0.751661, 0.807191, 0.848770, 0.899336, 0.945709, ]
	 CI UB in the last trial: [0.008730, 0.076015, 0.118122, 0.165335, 0.219502, 0.270194, 0.341042, 0.407160, 0.438588, 0.506781, 0.566636, 0.627748, 0.670030, 0.727225, 0.784177, 0.841675, 0.908195, 0.957174, 1.014675, 1.079988, ]
	 CI LB in the last trial: [-0.008940, 0.038313, 0.096586, 0.141869, 0.195760, 0.246645, 0.252810, 0.302263, 0.365858, 0.393783, 0.425541, 0.463541, 0.532513, 0.573946, 0.628453, 0.661646, 0.706187, 0.740366, 0.783997, 0.811429, ]
----->
	 Cov Rate: 0.9292 	 (0.2564904676591315) 	Avg Len: 0.012929805995531316 	 (7.066365395225369e-06) 
	 d: 20 	 n: 100000 	 M ratio: 0.25 	 eta_0: 0.1 	 alpha: 0.501 	 # Trials: 500
	 True solution:           [0.000000, 0.052632, 0.105263, 0.157895, 0.210526, 0.263158, 0.315789, 0.368421, 0.421053, 0.473684, 0.526316, 0.578947, 0.631579, 0.684211, 0.736842, 0.789474, 0.842105, 0.894737, 0.947368, 1.000000, ]
	 center in last trial:    [0.004727, 0.052054, 0.111195, 0.156241, 0.211986, 0.265289, 0.311815, 0.372738, 0.418611, 0.471774, 0.523036, 0.577518, 0.629342, 0.681245, 0.737735, 0.787371, 0.846208, 0.891432, 0.944738, 1.000094, ]
	 CI UB in the last trial: [0.017856, 0.072057, 0.116941, 0.167227, 0.223192, 0.282335, 0.329113, 0.391362, 0.438774, 0.484741, 0.538715, 0.587940, 0.639484, 0.693646, 0.754979, 0.799305, 0.856967, 0.901940, 0.955354, 1.010415, ]
	 CI LB in the last trial: [-0.008402, 0.032051, 0.105450, 0.145255, 0.200779, 0.248242, 0.294517, 0.354114, 0.398448, 0.458807, 0.507358, 0.567095, 0.619200, 0.668843, 0.720491, 0.775438, 0.835448, 0.880923, 0.934121, 0.989774, ]
----->
	 Cov Rate: 0.9294 	 (0.2561554996481629) 	Avg Len: 0.015525762852124422 	 (1.2677487226601794e-05) 
	 d: 20 	 n: 100000 	 M ratio: 0.25 	 eta_0: 0.05 	 alpha: 0.501 	 # Trials: 500
	 True solution:           [0.000000, 0.052632, 0.105263, 0.157895, 0.210526, 0.263158, 0.315789, 0.368421, 0.421053, 0.473684, 0.526316, 0.578947, 0.631579, 0.684211, 0.736842, 0.789474, 0.842105, 0.894737, 0.947368, 1.000000, ]
	 center in last trial:    [0.003888, 0.052769, 0.111182, 0.156676, 0.212050, 0.265869, 0.311439, 0.372156, 0.418093, 0.471447, 0.522548, 0.576286, 0.628492, 0.681245, 0.736984, 0.786535, 0.845526, 0.890226, 0.943401, 0.998004, ]
	 CI UB in the last trial: [0.016131, 0.073159, 0.117018, 0.167744, 0.222805, 0.282088, 0.329879, 0.392416, 0.431520, 0.482970, 0.539139, 0.592839, 0.634735, 0.690630, 0.747225, 0.796934, 0.858811, 0.904735, 0.954815, 1.017173, ]
	 CI LB in the last trial: [-0.008356, 0.032379, 0.105346, 0.145608, 0.201295, 0.249650, 0.292998, 0.351896, 0.404666, 0.459923, 0.505958, 0.559734, 0.622250, 0.671860, 0.726743, 0.776136, 0.832241, 0.875718, 0.931986, 0.978834, ]
----->
	 Cov Rate: 0.4351 	 (0.4957700979284652) 	Avg Len: 0.05042713931046697 	 (5.964922557768248e-05) 
	 d: 20 	 n: 100000 	 M ratio: 0.25 	 eta_0: 0.01 	 alpha: 0.501 	 # Trials: 500
	 True solution:           [0.000000, 0.052632, 0.105263, 0.157895, 0.210526, 0.263158, 0.315789, 0.368421, 0.421053, 0.473684, 0.526316, 0.578947, 0.631579, 0.684211, 0.736842, 0.789474, 0.842105, 0.894737, 0.947368, 1.000000, ]
	 center in last trial:    [-0.000105, 0.057164, 0.107354, 0.153602, 0.207631, 0.258419, 0.296926, 0.354711, 0.402223, 0.450282, 0.496089, 0.545645, 0.601272, 0.650585, 0.706315, 0.751661, 0.807191, 0.848770, 0.899336, 0.945709, ]
	 CI UB in the last trial: [0.006602, 0.071541, 0.115652, 0.162843, 0.216658, 0.267631, 0.330566, 0.394376, 0.429778, 0.493084, 0.549303, 0.607577, 0.653439, 0.708359, 0.765188, 0.819675, 0.883570, 0.930688, 0.986542, 1.047007, ]
	 CI LB in the last trial: [-0.006812, 0.042787, 0.099055, 0.144360, 0.198604, 0.249208, 0.263286, 0.315047, 0.374667, 0.407480, 0.442874, 0.483712, 0.549105, 0.592811, 0.647442, 0.683646, 0.730812, 0.766852, 0.812131, 0.844410, ]
----->
	 Cov Rate: 0.9002 	 (0.29973314798333534) 	Avg Len: 0.011483306802706678 	 (5.618002952669267e-06) 
	 d: 20 	 n: 100000 	 M ratio: 0.3 	 eta_0: 0.1 	 alpha: 0.501 	 # Trials: 500
	 True solution:           [0.000000, 0.052632, 0.105263, 0.157895, 0.210526, 0.263158, 0.315789, 0.368421, 0.421053, 0.473684, 0.526316, 0.578947, 0.631579, 0.684211, 0.736842, 0.789474, 0.842105, 0.894737, 0.947368, 1.000000, ]
	 center in last trial:    [0.004727, 0.052054, 0.111195, 0.156241, 0.211986, 0.265289, 0.311815, 0.372738, 0.418611, 0.471774, 0.523036, 0.577518, 0.629342, 0.681245, 0.737735, 0.787371, 0.846208, 0.891432, 0.944738, 1.000094, ]
	 CI UB in the last trial: [0.016138, 0.067909, 0.118796, 0.166246, 0.221220, 0.279284, 0.327621, 0.389121, 0.436514, 0.482073, 0.536121, 0.587218, 0.638897, 0.691937, 0.753902, 0.797963, 0.856291, 0.901085, 0.953616, 1.008826, ]
	 CI LB in the last trial: [-0.006683, 0.036198, 0.103594, 0.146236, 0.202751, 0.251294, 0.296008, 0.356355, 0.400708, 0.461475, 0.509952, 0.567817, 0.619787, 0.670552, 0.721568, 0.776780, 0.836124, 0.881779, 0.935859, 0.991363, ]
----->
	 Cov Rate: 0.88 	 (0.32496153618543844) 	Avg Len: 0.012412093600008662 	 (9.402362360611949e-06) 
	 d: 20 	 n: 100000 	 M ratio: 0.3 	 eta_0: 0.05 	 alpha: 0.501 	 # Trials: 500
	 True solution:           [0.000000, 0.052632, 0.105263, 0.157895, 0.210526, 0.263158, 0.315789, 0.368421, 0.421053, 0.473684, 0.526316, 0.578947, 0.631579, 0.684211, 0.736842, 0.789474, 0.842105, 0.894737, 0.947368, 1.000000, ]
	 center in last trial:    [0.003888, 0.052769, 0.111182, 0.156676, 0.212050, 0.265869, 0.311439, 0.372156, 0.418093, 0.471447, 0.522548, 0.576286, 0.628492, 0.681245, 0.736984, 0.786535, 0.845526, 0.890226, 0.943401, 0.998004, ]
	 CI UB in the last trial: [0.013776, 0.068035, 0.116892, 0.165515, 0.220193, 0.278342, 0.326085, 0.388240, 0.428723, 0.480442, 0.535752, 0.589313, 0.633669, 0.688808, 0.745174, 0.794680, 0.856296, 0.902220, 0.953094, 1.013100, ]
	 CI LB in the last trial: [-0.006001, 0.037503, 0.105472, 0.147837, 0.203907, 0.253396, 0.296792, 0.356072, 0.407464, 0.462452, 0.509345, 0.563260, 0.623315, 0.673682, 0.728794, 0.778390, 0.834756, 0.878232, 0.933707, 0.982908, ]
----->
	 Cov Rate: 0.1026 	 (0.3034357263078954) 	Avg Len: 0.0370857180515674 	 (4.3768983601426746e-05) 
	 d: 20 	 n: 100000 	 M ratio: 0.3 	 eta_0: 0.01 	 alpha: 0.501 	 # Trials: 500
	 True solution:           [0.000000, 0.052632, 0.105263, 0.157895, 0.210526, 0.263158, 0.315789, 0.368421, 0.421053, 0.473684, 0.526316, 0.578947, 0.631579, 0.684211, 0.736842, 0.789474, 0.842105, 0.894737, 0.947368, 1.000000, ]
	 center in last trial:    [-0.000105, 0.057164, 0.107354, 0.153602, 0.207631, 0.258419, 0.296926, 0.354711, 0.402223, 0.450282, 0.496089, 0.545645, 0.601272, 0.650585, 0.706315, 0.751661, 0.807191, 0.848770, 0.899336, 0.945709, ]
	 CI UB in the last trial: [0.004983, 0.067794, 0.113540, 0.160414, 0.214370, 0.265237, 0.321660, 0.383873, 0.422538, 0.481711, 0.535206, 0.591145, 0.639599, 0.693090, 0.749555, 0.801647, 0.863304, 0.908966, 0.963424, 1.020196, ]
	 CI LB in the last trial: [-0.005193, 0.046535, 0.101167, 0.146789, 0.200893, 0.251602, 0.272192, 0.325550, 0.381907, 0.418853, 0.456972, 0.500144, 0.562945, 0.608081, 0.663074, 0.701674, 0.751078, 0.788574, 0.835248, 0.871221, ]
