----->
	 Cov Rate: 0.9536 	 (0.2103498038981734) 	Avg Len: 0.09650701668752373 	 (0.00010068219457520634) 
	 d: 20 	 n: 100000 	 R: 3 	 eta_0: 0.1 	 alpha: 0.501 	 # Trials: 500
	 True solution:           [0.000000, 0.052632, 0.105263, 0.157895, 0.210526, 0.263158, 0.315789, 0.368421, 0.421053, 0.473684, 0.526316, 0.578947, 0.631579, 0.684211, 0.736842, 0.789474, 0.842105, 0.894737, 0.947368, 1.000000, ]
	 center in last trial:    [0.000244, 0.048310, 0.105769, 0.142634, 0.220153, 0.271963, 0.300252, 0.376225, 0.412839, 0.480907, 0.526204, 0.591788, 0.642262, 0.665872, 0.769241, 0.795023, 0.836371, 0.906634, 0.957765, 0.998132, ]
	 CI UB in the last trial: [0.031138, 0.162605, 0.190404, 0.357973, 0.316282, 0.335146, 0.437619, 0.489213, 0.520318, 0.549765, 0.571421, 0.673466, 0.780583, 0.742635, 0.909586, 1.030124, 0.889649, 1.016235, 1.033650, 1.054479, ]
	 CI LB in the last trial: [-0.030651, -0.065985, 0.021134, -0.072706, 0.124025, 0.208781, 0.162884, 0.263237, 0.305360, 0.412049, 0.480988, 0.510111, 0.503941, 0.589108, 0.628897, 0.559923, 0.783093, 0.797033, 0.881879, 0.941786, ]
----->
	 Cov Rate: 0.9453 	 (0.2273937334228892) 	Avg Len: 0.03175588094669494 	 (3.3098867418120026e-05) 
	 d: 20 	 n: 100000 	 R: 3 	 eta_0: 0.01 	 alpha: 0.501 	 # Trials: 500
	 True solution:           [0.000000, 0.052632, 0.105263, 0.157895, 0.210526, 0.263158, 0.315789, 0.368421, 0.421053, 0.473684, 0.526316, 0.578947, 0.631579, 0.684211, 0.736842, 0.789474, 0.842105, 0.894737, 0.947368, 1.000000, ]
	 center in last trial:    [0.007833, 0.049623, 0.110010, 0.154195, 0.211672, 0.263208, 0.309208, 0.371948, 0.417186, 0.467877, 0.523351, 0.577425, 0.629217, 0.680161, 0.735544, 0.787453, 0.844341, 0.890864, 0.943236, 1.000617, ]
	 CI UB in the last trial: [0.021480, 0.084743, 0.123269, 0.203980, 0.237722, 0.282921, 0.343479, 0.416167, 0.430626, 0.508797, 0.563969, 0.598185, 0.646820, 0.695660, 0.777661, 0.830287, 0.874353, 0.896196, 0.948283, 1.016720, ]
	 CI LB in the last trial: [-0.005814, 0.014502, 0.096751, 0.104411, 0.185623, 0.243494, 0.274936, 0.327730, 0.403746, 0.426957, 0.482732, 0.556665, 0.611615, 0.664662, 0.693428, 0.744618, 0.814330, 0.885532, 0.938188, 0.984513, ]
----->
	 Cov Rate: 0.9511 	 (0.21565896688985597) 	Avg Len: 0.06590622802859272 	 (4.828090370801315e-05) 
	 d: 20 	 n: 100000 	 R: 5 	 eta_0: 0.1 	 alpha: 0.501 	 # Trials: 500
	 True solution:           [0.000000, 0.052632, 0.105263, 0.157895, 0.210526, 0.263158, 0.315789, 0.368421, 0.421053, 0.473684, 0.526316, 0.578947, 0.631579, 0.684211, 0.736842, 0.789474, 0.842105, 0.894737, 0.947368, 1.000000, ]
	 center in last trial:    [0.000244, 0.048310, 0.105769, 0.142634, 0.220153, 0.271963, 0.300252, 0.376225, 0.412839, 0.480907, 0.526204, 0.591788, 0.642262, 0.665872, 0.769241, 0.795023, 0.836371, 0.906634, 0.957765, 0.998132, ]
	 CI UB in the last trial: [0.043316, 0.117861, 0.157008, 0.266207, 0.273022, 0.309228, 0.362977, 0.444294, 0.515908, 0.520030, 0.615395, 0.659874, 0.722419, 0.729310, 0.854788, 0.914312, 0.892503, 0.959519, 1.004163, 1.043794, ]
	 CI LB in the last trial: [-0.042828, -0.021241, 0.054530, 0.019060, 0.167285, 0.234698, 0.237526, 0.308156, 0.309770, 0.441784, 0.437014, 0.523703, 0.562105, 0.602433, 0.683694, 0.675735, 0.780239, 0.853749, 0.911366, 0.952471, ]
----->
	 Cov Rate: 0.943 	 (0.23184261903282585) 	Avg Len: 0.021731408886260125 	 (1.5831240290251084e-05) 
	 d: 20 	 n: 100000 	 R: 5 	 eta_0: 0.01 	 alpha: 0.501 	 # Trials: 500
	 True solution:           [0.000000, 0.052632, 0.105263, 0.157895, 0.210526, 0.263158, 0.315789, 0.368421, 0.421053, 0.473684, 0.526316, 0.578947, 0.631579, 0.684211, 0.736842, 0.789474, 0.842105, 0.894737, 0.947368, 1.000000, ]
	 center in last trial:    [0.007833, 0.049623, 0.110010, 0.154195, 0.211672, 0.263208, 0.309208, 0.371948, 0.417186, 0.467877, 0.523351, 0.577425, 0.629217, 0.680161, 0.735544, 0.787453, 0.844341, 0.890864, 0.943236, 1.000617, ]
	 CI UB in the last trial: [0.015349, 0.070175, 0.120889, 0.177752, 0.233665, 0.282327, 0.331970, 0.392172, 0.429166, 0.487469, 0.550816, 0.598028, 0.646426, 0.698232, 0.763879, 0.814055, 0.865580, 0.899958, 0.960238, 1.008849, ]
	 CI LB in the last trial: [0.000316, 0.029070, 0.099130, 0.130639, 0.189680, 0.244088, 0.286445, 0.351725, 0.405206, 0.448286, 0.495886, 0.556823, 0.612009, 0.662091, 0.707210, 0.760850, 0.823103, 0.881770, 0.926233, 0.992384, ]
----->
	 Cov Rate: 0.9524 	 (0.2129183881208948) 	Avg Len: 0.057539338613034216 	 (3.118971991822178e-05) 
	 d: 20 	 n: 100000 	 R: 8 	 eta_0: 0.1 	 alpha: 0.501 	 # Trials: 500
	 True solution:           [0.000000, 0.052632, 0.105263, 0.157895, 0.210526, 0.263158, 0.315789, 0.368421, 0.421053, 0.473684, 0.526316, 0.578947, 0.631579, 0.684211, 0.736842, 0.789474, 0.842105, 0.894737, 0.947368, 1.000000, ]
	 center in last trial:    [0.000244, 0.048310, 0.105769, 0.142634, 0.220153, 0.271963, 0.300252, 0.376225, 0.412839, 0.480907, 0.526204, 0.591788, 0.642262, 0.665872, 0.769241, 0.795023, 0.836371, 0.906634, 0.957765, 0.998132, ]
	 CI UB in the last trial: [0.067591, 0.094020, 0.148421, 0.226452, 0.255338, 0.306570, 0.350770, 0.435699, 0.499143, 0.518995, 0.610027, 0.644308, 0.705750, 0.724454, 0.828003, 0.876877, 0.874807, 0.983849, 0.991394, 1.053602, ]
	 CI LB in the last trial: [-0.067103, 0.002600, 0.063117, 0.058815, 0.184969, 0.237357, 0.249734, 0.316751, 0.326535, 0.442819, 0.442382, 0.539269, 0.578774, 0.607290, 0.710479, 0.713170, 0.797935, 0.829419, 0.924135, 0.942663, ]
----->
	 Cov Rate: 0.9401 	 (0.23730147492167006) 	Avg Len: 0.018990535243988988 	 (1.0255431366516033e-05) 
	 d: 20 	 n: 100000 	 R: 8 	 eta_0: 0.01 	 alpha: 0.501 	 # Trials: 500
	 True solution:           [0.000000, 0.052632, 0.105263, 0.157895, 0.210526, 0.263158, 0.315789, 0.368421, 0.421053, 0.473684, 0.526316, 0.578947, 0.631579, 0.684211, 0.736842, 0.789474, 0.842105, 0.894737, 0.947368, 1.000000, ]
	 center in last trial:    [0.007833, 0.049623, 0.110010, 0.154195, 0.211672, 0.263208, 0.309208, 0.371948, 0.417186, 0.467877, 0.523351, 0.577425, 0.629217, 0.680161, 0.735544, 0.787453, 0.844341, 0.890864, 0.943236, 1.000617, ]
	 CI UB in the last trial: [0.019662, 0.067013, 0.128653, 0.170950, 0.229178, 0.284912, 0.326773, 0.388709, 0.432936, 0.481167, 0.544542, 0.593460, 0.646832, 0.691958, 0.758348, 0.810259, 0.869693, 0.915844, 0.957254, 1.019920, ]
	 CI LB in the last trial: [-0.003996, 0.032233, 0.091367, 0.137441, 0.194167, 0.241504, 0.291642, 0.355188, 0.401436, 0.454587, 0.502159, 0.561390, 0.611603, 0.668364, 0.712740, 0.764646, 0.818990, 0.865884, 0.929217, 0.981313, ]
