----->
	 Cov Rate: 0.8812 	 (0.3235530250206294) 	Avg Len: 0.46529536077214406 	 (0.004992076743772733) 
	 d: 20 	 n: 100000 	 R: 3 	 eta_0: 0.5 	 alpha: 0.501 	 # Trials: 500
	 True solution:           [0.000000, 0.052632, 0.105263, 0.157895, 0.210526, 0.263158, 0.315789, 0.368421, 0.421053, 0.473684, 0.526316, 0.578947, 0.631579, 0.684211, 0.736842, 0.789474, 0.842105, 0.894737, 0.947368, 1.000000, ]
	 center in last trial:    [-0.004101, 0.061408, 0.105523, 0.151163, 0.212553, 0.255830, 0.318466, 0.370183, 0.426371, 0.463367, 0.520352, 0.584677, 0.632006, 0.680765, 0.732252, 0.793308, 0.837969, 0.891364, 0.941236, 1.009345, ]
	 CI UB in the last trial: [0.038736, 0.112452, 0.201204, 0.337655, 0.382329, 0.336362, 0.396512, 0.413601, 0.433292, 0.541771, 0.605339, 0.633591, 0.771520, 0.743212, 0.755328, 0.858859, 0.881579, 0.935280, 0.983454, 1.125382, ]
	 CI LB in the last trial: [-0.046937, 0.010364, 0.009842, -0.035329, 0.042777, 0.175299, 0.240419, 0.326764, 0.419450, 0.384963, 0.435365, 0.535764, 0.492492, 0.618317, 0.709176, 0.727756, 0.794359, 0.847448, 0.899019, 0.893308, ]
----->
	 Cov Rate: 0.9466 	 (0.22482980229498045) 	Avg Len: 0.027368414827618107 	 (2.8749706108539093e-05) 
	 d: 20 	 n: 100000 	 R: 3 	 eta_0: 0.1 	 alpha: 0.501 	 # Trials: 500
	 True solution:           [0.000000, 0.052632, 0.105263, 0.157895, 0.210526, 0.263158, 0.315789, 0.368421, 0.421053, 0.473684, 0.526316, 0.578947, 0.631579, 0.684211, 0.736842, 0.789474, 0.842105, 0.894737, 0.947368, 1.000000, ]
	 center in last trial:    [-0.002492, 0.053657, 0.109070, 0.153615, 0.211739, 0.258862, 0.316505, 0.370647, 0.422939, 0.466812, 0.524204, 0.581509, 0.629801, 0.683611, 0.735221, 0.788739, 0.845845, 0.892769, 0.944082, 1.001843, ]
	 CI UB in the last trial: [0.016745, 0.056228, 0.129298, 0.184996, 0.225304, 0.280733, 0.344982, 0.412403, 0.434537, 0.497969, 0.540464, 0.621116, 0.678024, 0.720103, 0.760363, 0.810878, 0.864410, 0.914863, 0.963556, 1.020594, ]
	 CI LB in the last trial: [-0.021730, 0.051085, 0.088842, 0.122235, 0.198175, 0.236991, 0.288029, 0.328891, 0.411341, 0.435654, 0.507944, 0.541902, 0.581578, 0.647118, 0.710079, 0.766601, 0.827280, 0.870675, 0.924607, 0.983092, ]
----->
	 Cov Rate: 0.9459 	 (0.2262149199323511) 	Avg Len: 0.028630628562507927 	 (3.0182079362008522e-05) 
	 d: 20 	 n: 100000 	 R: 3 	 eta_0: 0.05 	 alpha: 0.501 	 # Trials: 500
	 True solution:           [0.000000, 0.052632, 0.105263, 0.157895, 0.210526, 0.263158, 0.315789, 0.368421, 0.421053, 0.473684, 0.526316, 0.578947, 0.631579, 0.684211, 0.736842, 0.789474, 0.842105, 0.894737, 0.947368, 1.000000, ]
	 center in last trial:    [-0.001443, 0.054325, 0.109122, 0.153702, 0.213219, 0.260628, 0.317592, 0.370920, 0.422738, 0.468002, 0.523869, 0.580575, 0.629970, 0.684679, 0.733541, 0.786916, 0.845334, 0.892109, 0.942500, 1.000299, ]
	 CI UB in the last trial: [0.021792, 0.055780, 0.128533, 0.186137, 0.231540, 0.284148, 0.347214, 0.412546, 0.436130, 0.500613, 0.542259, 0.616992, 0.674902, 0.721346, 0.758719, 0.804304, 0.857092, 0.915399, 0.960896, 1.023299, ]
	 CI LB in the last trial: [-0.024678, 0.052870, 0.089710, 0.121268, 0.194899, 0.237107, 0.287970, 0.329294, 0.409345, 0.435391, 0.505480, 0.544158, 0.585038, 0.648013, 0.708363, 0.769527, 0.833576, 0.868819, 0.924103, 0.977298, ]
----->
	 Cov Rate: 0.6648 	 (0.47206033512677165) 	Avg Len: 0.060934318315019456 	 (6.421538935384086e-05) 
	 d: 20 	 n: 100000 	 R: 3 	 eta_0: 0.01 	 alpha: 0.501 	 # Trials: 500
	 True solution:           [0.000000, 0.052632, 0.105263, 0.157895, 0.210526, 0.263158, 0.315789, 0.368421, 0.421053, 0.473684, 0.526316, 0.578947, 0.631579, 0.684211, 0.736842, 0.789474, 0.842105, 0.894737, 0.947368, 1.000000, ]
	 center in last trial:    [0.036738, 0.088159, 0.128506, 0.175972, 0.241924, 0.290241, 0.334978, 0.378423, 0.420617, 0.475188, 0.517702, 0.571849, 0.618558, 0.673853, 0.705215, 0.756049, 0.821318, 0.864968, 0.905334, 0.957584, ]
	 CI UB in the last trial: [0.077712, 0.122861, 0.147681, 0.249879, 0.299601, 0.330485, 0.351147, 0.394639, 0.445286, 0.534471, 0.538992, 0.640591, 0.658750, 0.685972, 0.771244, 0.794440, 0.841888, 0.938749, 0.928659, 1.029338, ]
	 CI LB in the last trial: [-0.004236, 0.053457, 0.109331, 0.102065, 0.184248, 0.249997, 0.318808, 0.362206, 0.395948, 0.415906, 0.496413, 0.503108, 0.578366, 0.661734, 0.639186, 0.717659, 0.800748, 0.791187, 0.882009, 0.885831, ]
----->
	 Cov Rate: 0.8841 	 (0.32010496715921166) 	Avg Len: 0.3542193433770035 	 (0.0027685579646849843) 
	 d: 20 	 n: 100000 	 R: 5 	 eta_0: 0.5 	 alpha: 0.501 	 # Trials: 500
	 True solution:           [0.000000, 0.052632, 0.105263, 0.157895, 0.210526, 0.263158, 0.315789, 0.368421, 0.421053, 0.473684, 0.526316, 0.578947, 0.631579, 0.684211, 0.736842, 0.789474, 0.842105, 0.894737, 0.947368, 1.000000, ]
	 center in last trial:    [-0.004101, 0.061408, 0.105523, 0.151163, 0.212553, 0.255830, 0.318466, 0.370183, 0.426371, 0.463367, 0.520352, 0.584677, 0.632006, 0.680765, 0.732252, 0.793308, 0.837969, 0.891364, 0.941236, 1.009345, ]
	 CI UB in the last trial: [0.046320, 0.094950, 0.149289, 0.240170, 0.301694, 0.294111, 0.376565, 0.396542, 0.451815, 0.505534, 0.575511, 0.636091, 0.723255, 0.722809, 0.755907, 0.844285, 0.881634, 0.914208, 0.965771, 1.083957, ]
	 CI LB in the last trial: [-0.054522, 0.027866, 0.061757, 0.062156, 0.123413, 0.217549, 0.260366, 0.343823, 0.400926, 0.421200, 0.465193, 0.533264, 0.540758, 0.638720, 0.708597, 0.742330, 0.794304, 0.868520, 0.916701, 0.934732, ]
----->
	 Cov Rate: 0.9502 	 (0.21753151495817796) 	Avg Len: 0.01878779277017783 	 (1.37936777804961e-05) 
	 d: 20 	 n: 100000 	 R: 5 	 eta_0: 0.1 	 alpha: 0.501 	 # Trials: 500
	 True solution:           [0.000000, 0.052632, 0.105263, 0.157895, 0.210526, 0.263158, 0.315789, 0.368421, 0.421053, 0.473684, 0.526316, 0.578947, 0.631579, 0.684211, 0.736842, 0.789474, 0.842105, 0.894737, 0.947368, 1.000000, ]
	 center in last trial:    [-0.002492, 0.053657, 0.109070, 0.153615, 0.211739, 0.258862, 0.316505, 0.370647, 0.422939, 0.466812, 0.524204, 0.581509, 0.629801, 0.683611, 0.735221, 0.788739, 0.845845, 0.892769, 0.944082, 1.001843, ]
	 CI UB in the last trial: [0.014901, 0.060699, 0.124281, 0.168631, 0.221006, 0.276240, 0.333922, 0.394184, 0.434729, 0.482967, 0.537842, 0.601892, 0.655203, 0.705048, 0.751715, 0.801463, 0.855676, 0.908632, 0.958670, 1.014220, ]
	 CI LB in the last trial: [-0.019886, 0.046614, 0.093860, 0.138600, 0.202473, 0.241483, 0.299088, 0.347111, 0.411149, 0.450656, 0.510567, 0.561125, 0.604399, 0.662173, 0.718726, 0.776016, 0.836014, 0.876906, 0.929494, 0.989466, ]
----->
	 Cov Rate: 0.9444 	 (0.2291476379978637) 	Avg Len: 0.019649631699851258 	 (1.4490737080799396e-05) 
	 d: 20 	 n: 100000 	 R: 5 	 eta_0: 0.05 	 alpha: 0.501 	 # Trials: 500
	 True solution:           [0.000000, 0.052632, 0.105263, 0.157895, 0.210526, 0.263158, 0.315789, 0.368421, 0.421053, 0.473684, 0.526316, 0.578947, 0.631579, 0.684211, 0.736842, 0.789474, 0.842105, 0.894737, 0.947368, 1.000000, ]
	 center in last trial:    [-0.001443, 0.054325, 0.109122, 0.153702, 0.213219, 0.260628, 0.317592, 0.370920, 0.422738, 0.468002, 0.523869, 0.580575, 0.629970, 0.684679, 0.733541, 0.786916, 0.845334, 0.892109, 0.942500, 1.000299, ]
	 CI UB in the last trial: [0.014172, 0.061693, 0.124398, 0.169170, 0.225143, 0.280710, 0.335890, 0.392932, 0.434872, 0.485339, 0.536530, 0.598702, 0.655437, 0.706953, 0.749211, 0.798204, 0.851638, 0.907725, 0.958248, 1.013981, ]
	 CI LB in the last trial: [-0.017058, 0.046958, 0.093846, 0.138235, 0.201296, 0.240546, 0.299294, 0.348908, 0.410603, 0.450665, 0.511209, 0.562448, 0.604503, 0.662406, 0.717871, 0.775627, 0.839030, 0.876494, 0.926752, 0.986616, ]
----->
	 Cov Rate: 0.5051 	 (0.4999739893234447) 	Avg Len: 0.0416819606774714 	 (3.091236160214623e-05) 
	 d: 20 	 n: 100000 	 R: 5 	 eta_0: 0.01 	 alpha: 0.501 	 # Trials: 500
	 True solution:           [0.000000, 0.052632, 0.105263, 0.157895, 0.210526, 0.263158, 0.315789, 0.368421, 0.421053, 0.473684, 0.526316, 0.578947, 0.631579, 0.684211, 0.736842, 0.789474, 0.842105, 0.894737, 0.947368, 1.000000, ]
	 center in last trial:    [0.036738, 0.088159, 0.128506, 0.175972, 0.241924, 0.290241, 0.334978, 0.378423, 0.420617, 0.475188, 0.517702, 0.571849, 0.618558, 0.673853, 0.705215, 0.756049, 0.821318, 0.864968, 0.905334, 0.957584, ]
	 CI UB in the last trial: [0.077639, 0.118921, 0.140945, 0.210378, 0.278271, 0.331443, 0.355005, 0.397032, 0.441285, 0.508308, 0.540250, 0.605340, 0.656734, 0.701136, 0.740209, 0.793372, 0.849463, 0.908794, 0.941521, 0.999711, ]
	 CI LB in the last trial: [-0.004163, 0.057397, 0.116067, 0.141566, 0.205578, 0.249039, 0.314950, 0.359813, 0.399950, 0.442068, 0.495155, 0.538359, 0.580382, 0.646571, 0.670221, 0.718727, 0.793173, 0.821143, 0.869147, 0.915457, ]
----->
	 Cov Rate: 0.9139 	 (0.280511657511769) 	Avg Len: 0.31705046923621716 	 (0.0017916056703129969) 
	 d: 20 	 n: 100000 	 R: 10 	 eta_0: 0.5 	 alpha: 0.501 	 # Trials: 500
	 True solution:           [0.000000, 0.052632, 0.105263, 0.157895, 0.210526, 0.263158, 0.315789, 0.368421, 0.421053, 0.473684, 0.526316, 0.578947, 0.631579, 0.684211, 0.736842, 0.789474, 0.842105, 0.894737, 0.947368, 1.000000, ]
	 center in last trial:    [-0.004101, 0.061408, 0.105523, 0.151163, 0.212553, 0.255830, 0.318466, 0.370183, 0.426371, 0.463367, 0.520352, 0.584677, 0.632006, 0.680765, 0.732252, 0.793308, 0.837969, 0.891364, 0.941236, 1.009345, ]
	 CI UB in the last trial: [0.378837, 0.121295, 0.204698, 1.055765, 1.504857, 0.327824, 0.398318, 1.136766, 1.186429, 0.516359, 1.686382, 1.955884, 1.378541, 0.828666, 0.894039, 0.900911, 1.609408, 1.653306, 2.135073, 2.895792, ]
	 CI LB in the last trial: [-0.387038, 0.001521, 0.006348, -0.753439, -1.079751, 0.183837, 0.238613, -0.396400, -0.333688, 0.410375, -0.645678, -0.786529, -0.114529, 0.532863, 0.570466, 0.685705, 0.066530, 0.129422, -0.252600, -0.877103, ]
----->
	 Cov Rate: 0.9495 	 (0.21897431356211622) 	Avg Len: 0.015825988733904724 	 (7.67714063219263e-06) 
	 d: 20 	 n: 100000 	 R: 10 	 eta_0: 0.1 	 alpha: 0.501 	 # Trials: 500
	 True solution:           [0.000000, 0.052632, 0.105263, 0.157895, 0.210526, 0.263158, 0.315789, 0.368421, 0.421053, 0.473684, 0.526316, 0.578947, 0.631579, 0.684211, 0.736842, 0.789474, 0.842105, 0.894737, 0.947368, 1.000000, ]
	 center in last trial:    [-0.002492, 0.053657, 0.109070, 0.153615, 0.211739, 0.258862, 0.316505, 0.370647, 0.422939, 0.466812, 0.524204, 0.581509, 0.629801, 0.683611, 0.735221, 0.788739, 0.845845, 0.892769, 0.944082, 1.001843, ]
	 CI UB in the last trial: [0.012018, 0.066263, 0.120957, 0.165088, 0.228051, 0.282008, 0.330511, 0.385482, 0.439145, 0.483977, 0.541555, 0.594965, 0.649484, 0.699068, 0.756733, 0.797288, 0.858630, 0.904729, 0.953524, 1.016727, ]
	 CI LB in the last trial: [-0.017002, 0.041050, 0.097184, 0.142143, 0.195427, 0.235715, 0.302500, 0.355812, 0.406734, 0.449647, 0.506854, 0.568052, 0.610118, 0.668153, 0.713709, 0.780191, 0.833060, 0.880809, 0.934639, 0.986959, ]
----->
	 Cov Rate: 0.9423 	 (0.2331752774202274) 	Avg Len: 0.016562079866037235 	 (8.058418849171392e-06) 
	 d: 20 	 n: 100000 	 R: 10 	 eta_0: 0.05 	 alpha: 0.501 	 # Trials: 500
	 True solution:           [0.000000, 0.052632, 0.105263, 0.157895, 0.210526, 0.263158, 0.315789, 0.368421, 0.421053, 0.473684, 0.526316, 0.578947, 0.631579, 0.684211, 0.736842, 0.789474, 0.842105, 0.894737, 0.947368, 1.000000, ]
	 center in last trial:    [-0.001443, 0.054325, 0.109122, 0.153702, 0.213219, 0.260628, 0.317592, 0.370920, 0.422738, 0.468002, 0.523869, 0.580575, 0.629970, 0.684679, 0.733541, 0.786916, 0.845334, 0.892109, 0.942500, 1.000299, ]
	 CI UB in the last trial: [0.011195, 0.067940, 0.121842, 0.167014, 0.230840, 0.285568, 0.332348, 0.386233, 0.439136, 0.486712, 0.540507, 0.593024, 0.649788, 0.700107, 0.755537, 0.797494, 0.855712, 0.903620, 0.952901, 1.015834, ]
	 CI LB in the last trial: [-0.014080, 0.040711, 0.096402, 0.140390, 0.195598, 0.235688, 0.302836, 0.355607, 0.406340, 0.449293, 0.507232, 0.568125, 0.610151, 0.669252, 0.711546, 0.776337, 0.834956, 0.880599, 0.932098, 0.984763, ]
----->
	 Cov Rate: 0.4311 	 (0.4952300374573416) 	Avg Len: 0.035243863094112614 	 (1.7335440527487474e-05) 
	 d: 20 	 n: 100000 	 R: 10 	 eta_0: 0.01 	 alpha: 0.501 	 # Trials: 500
	 True solution:           [0.000000, 0.052632, 0.105263, 0.157895, 0.210526, 0.263158, 0.315789, 0.368421, 0.421053, 0.473684, 0.526316, 0.578947, 0.631579, 0.684211, 0.736842, 0.789474, 0.842105, 0.894737, 0.947368, 1.000000, ]
	 center in last trial:    [0.036738, 0.088159, 0.128506, 0.175972, 0.241924, 0.290241, 0.334978, 0.378423, 0.420617, 0.475188, 0.517702, 0.571849, 0.618558, 0.673853, 0.705215, 0.756049, 0.821318, 0.864968, 0.905334, 0.957584, ]
	 CI UB in the last trial: [0.064238, 0.113383, 0.152003, 0.211608, 0.270684, 0.338696, 0.360807, 0.410989, 0.443766, 0.509400, 0.542235, 0.603013, 0.646308, 0.692569, 0.745393, 0.804974, 0.850576, 0.898678, 0.945548, 0.992803, ]
	 CI LB in the last trial: [0.009238, 0.062935, 0.105009, 0.140336, 0.213165, 0.241785, 0.309149, 0.345857, 0.397469, 0.440976, 0.493170, 0.540686, 0.590807, 0.655137, 0.665037, 0.707124, 0.792060, 0.831259, 0.865120, 0.922365, ]
----->
	 Cov Rate: 0.8891 	 (0.3140082642224564) 	Avg Len: 1.7470058034857368 	 (0.019567357861282397) 
	 d: 20 	 n: 33333 	 R: 3 	 eta_0: 0.5 	 alpha: 0.501 	 # Trials: 500
	 True solution:           [0.000000, 0.052632, 0.105263, 0.157895, 0.210526, 0.263158, 0.315789, 0.368421, 0.421053, 0.473684, 0.526316, 0.578947, 0.631579, 0.684211, 0.736842, 0.789474, 0.842105, 0.894737, 0.947368, 1.000000, ]
	 center in last trial:    [0.009629, 0.060136, 0.101760, 0.151020, 0.224525, 0.253682, 0.323939, 0.366915, 0.421740, 0.472747, 0.513287, 0.590439, 0.632018, 0.679355, 0.730152, 0.787927, 0.831377, 0.882680, 0.950893, 1.011450, ]
	 CI UB in the last trial: [0.205360, 0.148781, 0.190116, 0.303661, 0.403166, 0.481608, 0.528444, 0.495451, 0.500063, 0.533143, 0.756975, 0.747770, 0.702202, 0.955749, 0.918608, 0.957229, 0.984927, 1.034567, 1.226670, 1.300007, ]
	 CI LB in the last trial: [-0.186103, -0.028510, 0.013404, -0.001622, 0.045885, 0.025757, 0.119435, 0.238379, 0.343417, 0.412352, 0.269599, 0.433108, 0.561833, 0.402960, 0.541696, 0.618626, 0.677826, 0.730794, 0.675116, 0.722892, ]
----->
	 Cov Rate: 0.9509 	 (0.21607681504502052) 	Avg Len: 0.05050747701159465 	 (5.30483482544498e-05) 
	 d: 20 	 n: 33333 	 R: 3 	 eta_0: 0.1 	 alpha: 0.501 	 # Trials: 500
	 True solution:           [0.000000, 0.052632, 0.105263, 0.157895, 0.210526, 0.263158, 0.315789, 0.368421, 0.421053, 0.473684, 0.526316, 0.578947, 0.631579, 0.684211, 0.736842, 0.789474, 0.842105, 0.894737, 0.947368, 1.000000, ]
	 center in last trial:    [0.010042, 0.051738, 0.109054, 0.154215, 0.226792, 0.262039, 0.321799, 0.366460, 0.414284, 0.476953, 0.517966, 0.586030, 0.628024, 0.682525, 0.733983, 0.782437, 0.841457, 0.887192, 0.951281, 1.000675, ]
	 CI UB in the last trial: [0.065778, 0.112996, 0.125777, 0.229505, 0.287741, 0.293669, 0.333574, 0.411020, 0.495105, 0.525157, 0.591834, 0.635500, 0.656505, 0.720854, 0.787487, 0.834247, 0.855704, 0.991343, 1.001638, 1.044871, ]
	 CI LB in the last trial: [-0.045694, -0.009520, 0.092331, 0.078924, 0.165843, 0.230408, 0.310024, 0.321900, 0.333462, 0.428750, 0.444097, 0.536560, 0.599543, 0.644196, 0.680480, 0.730627, 0.827211, 0.783041, 0.900924, 0.956478, ]
----->
	 Cov Rate: 0.9435 	 (0.23088471149038864) 	Avg Len: 0.05598003298379655 	 (5.9162645193835783e-05) 
	 d: 20 	 n: 33333 	 R: 3 	 eta_0: 0.05 	 alpha: 0.501 	 # Trials: 500
	 True solution:           [0.000000, 0.052632, 0.105263, 0.157895, 0.210526, 0.263158, 0.315789, 0.368421, 0.421053, 0.473684, 0.526316, 0.578947, 0.631579, 0.684211, 0.736842, 0.789474, 0.842105, 0.894737, 0.947368, 1.000000, ]
	 center in last trial:    [0.012516, 0.054414, 0.111230, 0.152513, 0.232391, 0.266989, 0.323843, 0.365646, 0.413194, 0.479341, 0.516926, 0.584583, 0.629556, 0.683139, 0.729779, 0.778806, 0.840558, 0.886681, 0.944816, 0.996846, ]
	 CI UB in the last trial: [0.070448, 0.136756, 0.118517, 0.229944, 0.279756, 0.297317, 0.343638, 0.402430, 0.506005, 0.539867, 0.594904, 0.650109, 0.663381, 0.724096, 0.793292, 0.834759, 0.863034, 1.000408, 1.012440, 1.032801, ]
	 CI LB in the last trial: [-0.045416, -0.027928, 0.103943, 0.075081, 0.185025, 0.236661, 0.304048, 0.328861, 0.320382, 0.418814, 0.438949, 0.519057, 0.595731, 0.642181, 0.666265, 0.722854, 0.818082, 0.772953, 0.877191, 0.960891, ]
----->
	 Cov Rate: 0.6366 	 (0.4809786273837956) 	Avg Len: 0.139747459448648 	 (0.00015008888890688133) 
	 d: 20 	 n: 33333 	 R: 3 	 eta_0: 0.01 	 alpha: 0.501 	 # Trials: 500
	 True solution:           [0.000000, 0.052632, 0.105263, 0.157895, 0.210526, 0.263158, 0.315789, 0.368421, 0.421053, 0.473684, 0.526316, 0.578947, 0.631579, 0.684211, 0.736842, 0.789474, 0.842105, 0.894737, 0.947368, 1.000000, ]
	 center in last trial:    [0.097285, 0.133386, 0.168866, 0.198176, 0.301317, 0.326618, 0.358827, 0.377427, 0.418739, 0.486040, 0.503946, 0.569404, 0.610368, 0.647883, 0.666828, 0.708624, 0.782457, 0.827454, 0.847552, 0.893668, ]
	 CI UB in the last trial: [0.229553, 0.378726, 0.223833, 0.334818, 0.414647, 0.447607, 0.461373, 0.410948, 0.569656, 0.584394, 0.681014, 0.750879, 0.745074, 0.779713, 0.770725, 0.818974, 0.913144, 0.984284, 1.049641, 1.013988, ]
	 CI LB in the last trial: [-0.034982, -0.111955, 0.113898, 0.061533, 0.187988, 0.205628, 0.256281, 0.343905, 0.267821, 0.387687, 0.326878, 0.387929, 0.475662, 0.516053, 0.562931, 0.598274, 0.651769, 0.670624, 0.645463, 0.773348, ]
----->
	 Cov Rate: 0.8893 	 (0.3137602747321592) 	Avg Len: 1.7332599933226112 	 (0.010754840249345947) 
	 d: 20 	 n: 20000 	 R: 5 	 eta_0: 0.5 	 alpha: 0.501 	 # Trials: 500
	 True solution:           [0.000000, 0.052632, 0.105263, 0.157895, 0.210526, 0.263158, 0.315789, 0.368421, 0.421053, 0.473684, 0.526316, 0.578947, 0.631579, 0.684211, 0.736842, 0.789474, 0.842105, 0.894737, 0.947368, 1.000000, ]
	 center in last trial:    [0.051481, 0.149773, 0.048767, 0.042397, 0.277178, 0.243337, 0.327908, 0.381129, 0.488301, 0.431774, 0.471147, 0.603741, 0.682747, 0.632800, 0.661023, 0.875032, 0.696766, 0.881667, 0.907762, 1.122546, ]
	 CI UB in the last trial: [0.426024, 0.352248, 0.203824, 0.179575, 0.340748, 0.418102, 0.564243, 0.663226, 0.688696, 0.497033, 0.807399, 0.768278, 0.984528, 0.896231, 0.915581, 0.961273, 1.091206, 1.075430, 1.297355, 1.506024, ]
	 CI LB in the last trial: [-0.323062, -0.052702, -0.106290, -0.094781, 0.213608, 0.068573, 0.091573, 0.099033, 0.287905, 0.366514, 0.134895, 0.439204, 0.380967, 0.369369, 0.406465, 0.788791, 0.302325, 0.687903, 0.518169, 0.739067, ]
----->
	 Cov Rate: 0.9488 	 (0.22040544457884878) 	Avg Len: 0.04597579550559465 	 (3.3832081664684805e-05) 
	 d: 20 	 n: 20000 	 R: 5 	 eta_0: 0.1 	 alpha: 0.501 	 # Trials: 500
	 True solution:           [0.000000, 0.052632, 0.105263, 0.157895, 0.210526, 0.263158, 0.315789, 0.368421, 0.421053, 0.473684, 0.526316, 0.578947, 0.631579, 0.684211, 0.736842, 0.789474, 0.842105, 0.894737, 0.947368, 1.000000, ]
	 center in last trial:    [0.013210, 0.042686, 0.100873, 0.150823, 0.213067, 0.279271, 0.321898, 0.380212, 0.425950, 0.488737, 0.529130, 0.572605, 0.626138, 0.676140, 0.734648, 0.786344, 0.839401, 0.895145, 0.928656, 1.000995, ]
	 CI UB in the last trial: [0.071661, 0.085550, 0.127315, 0.252260, 0.283797, 0.317930, 0.368046, 0.431101, 0.517491, 0.540980, 0.549580, 0.639263, 0.677084, 0.737628, 0.771439, 0.846051, 0.918672, 0.922919, 0.994123, 1.043621, ]
	 CI LB in the last trial: [-0.045242, -0.000178, 0.074432, 0.049386, 0.142336, 0.240613, 0.275751, 0.329324, 0.334409, 0.436494, 0.508680, 0.505947, 0.575192, 0.614652, 0.697856, 0.726638, 0.760129, 0.867370, 0.863188, 0.958369, ]
----->
	 Cov Rate: 0.9328 	 (0.2503680490797498) 	Avg Len: 0.053437114174870695 	 (3.9243564734296074e-05) 
	 d: 20 	 n: 20000 	 R: 5 	 eta_0: 0.05 	 alpha: 0.501 	 # Trials: 500
	 True solution:           [0.000000, 0.052632, 0.105263, 0.157895, 0.210526, 0.263158, 0.315789, 0.368421, 0.421053, 0.473684, 0.526316, 0.578947, 0.631579, 0.684211, 0.736842, 0.789474, 0.842105, 0.894737, 0.947368, 1.000000, ]
	 center in last trial:    [0.018312, 0.048233, 0.104400, 0.149428, 0.220712, 0.289124, 0.323496, 0.381134, 0.425597, 0.493276, 0.527099, 0.567246, 0.626959, 0.679626, 0.729871, 0.779113, 0.837638, 0.891423, 0.918251, 0.992377, ]
	 CI UB in the last trial: [0.079139, 0.099279, 0.125792, 0.247411, 0.303351, 0.328898, 0.372207, 0.438487, 0.522702, 0.552272, 0.565521, 0.638473, 0.689989, 0.752931, 0.785002, 0.848832, 0.945340, 0.918470, 0.993397, 1.031618, ]
	 CI LB in the last trial: [-0.042514, -0.002813, 0.083008, 0.051444, 0.138073, 0.249349, 0.274785, 0.323781, 0.328492, 0.434280, 0.488678, 0.496019, 0.563929, 0.606321, 0.674741, 0.709393, 0.729936, 0.864376, 0.843105, 0.953137, ]
----->
	 Cov Rate: 0.4607 	 (0.4984531171534591) 	Avg Len: 0.13023842609166505 	 (9.753539335054603e-05) 
	 d: 20 	 n: 20000 	 R: 5 	 eta_0: 0.01 	 alpha: 0.501 	 # Trials: 500
	 True solution:           [0.000000, 0.052632, 0.105263, 0.157895, 0.210526, 0.263158, 0.315789, 0.368421, 0.421053, 0.473684, 0.526316, 0.578947, 0.631579, 0.684211, 0.736842, 0.789474, 0.842105, 0.894737, 0.947368, 1.000000, ]
	 center in last trial:    [0.140841, 0.162369, 0.176779, 0.210565, 0.319845, 0.375483, 0.363758, 0.395517, 0.432567, 0.502280, 0.497132, 0.542217, 0.590964, 0.644597, 0.658508, 0.677705, 0.757698, 0.803599, 0.778900, 0.843096, ]
	 CI UB in the last trial: [0.272483, 0.263198, 0.270276, 0.305066, 0.475986, 0.474051, 0.462686, 0.507149, 0.600679, 0.613568, 0.640486, 0.679729, 0.712704, 0.835253, 0.841277, 0.802649, 1.011298, 0.858450, 0.909516, 0.914630, ]
	 CI LB in the last trial: [0.009198, 0.061539, 0.083282, 0.116063, 0.163705, 0.276915, 0.264829, 0.283885, 0.264455, 0.390992, 0.353779, 0.404705, 0.469225, 0.453941, 0.475740, 0.552761, 0.504099, 0.748747, 0.648283, 0.771562, ]
----->
	 Cov Rate: 0.9018 	 (0.2975848786480926) 	Avg Len: 3.725346631512261 	 (0.032587897268083324) 
	 d: 20 	 n: 10000 	 R: 10 	 eta_0: 0.5 	 alpha: 0.501 	 # Trials: 500
	 True solution:           [0.000000, 0.052632, 0.105263, 0.157895, 0.210526, 0.263158, 0.315789, 0.368421, 0.421053, 0.473684, 0.526316, 0.578947, 0.631579, 0.684211, 0.736842, 0.789474, 0.842105, 0.894737, 0.947368, 1.000000, ]
	 center in last trial:    [0.091395, 0.306049, -0.013186, -0.096794, 0.386654, 0.193522, 0.331506, 0.369328, 0.569319, 0.352918, 0.386712, 0.630099, 0.756474, 0.557819, 0.544398, 0.998715, 0.497292, 0.861790, 0.880139, 1.298769, ]
	 CI UB in the last trial: [1.419400, 7.707491, 1.648886, 4.501031, 1.976266, 2.002240, 0.994219, 1.750648, 3.398187, 1.771512, 3.686746, 2.036983, 6.814110, 2.198713, 5.416702, 2.027051, 1.442473, 4.748629, 6.709659, 2.459378, ]
	 CI LB in the last trial: [-1.236609, -7.095393, -1.675258, -4.694619, -1.202958, -1.615195, -0.331207, -1.011993, -2.259548, -1.065675, -2.913321, -0.776785, -5.301161, -1.083074, -4.327907, -0.029621, -0.447888, -3.025048, -4.949381, 0.138160, ]
----->
	 Cov Rate: 0.9467 	 (0.22463105306257192) 	Avg Len: 0.060301742113964656 	 (3.0571883850142024e-05) 
	 d: 20 	 n: 10000 	 R: 10 	 eta_0: 0.1 	 alpha: 0.501 	 # Trials: 500
	 True solution:           [0.000000, 0.052632, 0.105263, 0.157895, 0.210526, 0.263158, 0.315789, 0.368421, 0.421053, 0.473684, 0.526316, 0.578947, 0.631579, 0.684211, 0.736842, 0.789474, 0.842105, 0.894737, 0.947368, 1.000000, ]
	 center in last trial:    [-0.005594, 0.058299, 0.099949, 0.170803, 0.223617, 0.276888, 0.324228, 0.370895, 0.416827, 0.487801, 0.525168, 0.567383, 0.617461, 0.646907, 0.734928, 0.782242, 0.840531, 0.896092, 0.936653, 1.002971, ]
	 CI UB in the last trial: [0.039803, 0.149530, 0.144772, 0.239625, 0.305107, 0.341328, 0.394530, 0.435985, 0.458967, 0.548174, 0.568564, 0.650783, 0.677807, 0.694603, 0.777536, 0.834314, 0.910144, 0.987787, 0.983636, 1.087620, ]
	 CI LB in the last trial: [-0.050991, -0.032932, 0.055126, 0.101981, 0.142127, 0.212447, 0.253926, 0.305806, 0.374688, 0.427428, 0.481773, 0.483983, 0.557115, 0.599211, 0.692320, 0.730170, 0.770917, 0.804398, 0.889670, 0.918322, ]
----->
	 Cov Rate: 0.9192 	 (0.272527723360395) 	Avg Len: 0.07511073694806222 	 (3.784596357372267e-05) 
	 d: 20 	 n: 10000 	 R: 10 	 eta_0: 0.05 	 alpha: 0.501 	 # Trials: 500
	 True solution:           [0.000000, 0.052632, 0.105263, 0.157895, 0.210526, 0.263158, 0.315789, 0.368421, 0.421053, 0.473684, 0.526316, 0.578947, 0.631579, 0.684211, 0.736842, 0.789474, 0.842105, 0.894737, 0.947368, 1.000000, ]
	 center in last trial:    [0.001206, 0.070156, 0.103102, 0.171190, 0.240947, 0.293477, 0.330947, 0.370015, 0.417108, 0.495209, 0.516328, 0.561205, 0.619860, 0.648323, 0.725314, 0.773566, 0.834556, 0.890225, 0.922185, 0.984779, ]
	 CI UB in the last trial: [0.053846, 0.158470, 0.179410, 0.253983, 0.342940, 0.403135, 0.405609, 0.467413, 0.478620, 0.572407, 0.587691, 0.650042, 0.701324, 0.709613, 0.786821, 0.815455, 0.920777, 0.995337, 1.000897, 1.077232, ]
	 CI LB in the last trial: [-0.051434, -0.018158, 0.026793, 0.088398, 0.138954, 0.183818, 0.256285, 0.272617, 0.355595, 0.418011, 0.444964, 0.472368, 0.538396, 0.587033, 0.663808, 0.731676, 0.748336, 0.785113, 0.843472, 0.892326, ]
----->
	 Cov Rate: 0.3909 	 (0.4879520365773668) 	Avg Len: 0.1552338526319943 	 (7.856491066493744e-05) 
	 d: 20 	 n: 10000 	 R: 10 	 eta_0: 0.01 	 alpha: 0.501 	 # Trials: 500
	 True solution:           [0.000000, 0.052632, 0.105263, 0.157895, 0.210526, 0.263158, 0.315789, 0.368421, 0.421053, 0.473684, 0.526316, 0.578947, 0.631579, 0.684211, 0.736842, 0.789474, 0.842105, 0.894737, 0.947368, 1.000000, ]
	 center in last trial:    [0.157139, 0.219283, 0.204340, 0.262926, 0.367716, 0.397921, 0.397638, 0.388206, 0.430038, 0.501160, 0.468650, 0.522577, 0.565590, 0.598173, 0.616718, 0.639745, 0.709827, 0.760221, 0.742794, 0.766894, ]
	 CI UB in the last trial: [0.275314, 0.308471, 0.371164, 0.393977, 0.558740, 0.606343, 0.514759, 0.557035, 0.608300, 0.692527, 0.668572, 0.660219, 0.731723, 0.707689, 0.729912, 0.746832, 0.863863, 0.948697, 0.929654, 0.875305, ]
	 CI LB in the last trial: [0.038964, 0.130094, 0.037515, 0.131874, 0.176691, 0.189498, 0.280517, 0.219377, 0.251775, 0.309793, 0.268728, 0.384936, 0.399457, 0.488656, 0.503523, 0.532658, 0.555791, 0.571746, 0.555933, 0.658483, ]
----->
	 Cov Rate: 0.9491 	 (0.21979351673786923) 	Avg Len: 26.755810583652288 	 (0.11447800094491192) 
	 d: 20 	 n: 2000 	 R: 50 	 eta_0: 0.5 	 alpha: 0.501 	 # Trials: 500
	 True solution:           [0.000000, 0.052632, 0.105263, 0.157895, 0.210526, 0.263158, 0.315789, 0.368421, 0.421053, 0.473684, 0.526316, 0.578947, 0.631579, 0.684211, 0.736842, 0.789474, 0.842105, 0.894737, 0.947368, 1.000000, ]
	 center in last trial:    [0.070247, 0.489021, -0.198114, -0.168039, 0.403757, 0.162688, 0.400380, 0.387175, 0.644914, 0.357460, 0.299876, 0.725445, 0.814276, 0.580540, 0.387581, 1.060942, 0.332237, 0.782694, 0.804413, 1.384562, ]
	 CI UB in the last trial: [10.126982, 7.072660, 6.146323, 11.209401, 8.130330, 9.685948, 8.656722, 6.016561, 9.332539, 6.736248, 6.940913, 7.493858, 5.448368, 4.092854, 5.688065, 7.211424, 8.960421, 7.263148, 7.550852, 9.252941, ]
	 CI LB in the last trial: [-9.986488, -6.094619, -6.542551, -11.545479, -7.322817, -9.360572, -7.855963, -5.242210, -8.042710, -6.021328, -6.341161, -6.042967, -3.819816, -2.931774, -4.912903, -5.089540, -8.295948, -5.697759, -5.942025, -6.483816, ]
----->
	 Cov Rate: 0.9446 	 (0.22875934953570748) 	Avg Len: 0.1847212188410352 	 (5.3564391040326975e-05) 
	 d: 20 	 n: 2000 	 R: 50 	 eta_0: 0.1 	 alpha: 0.501 	 # Trials: 500
	 True solution:           [0.000000, 0.052632, 0.105263, 0.157895, 0.210526, 0.263158, 0.315789, 0.368421, 0.421053, 0.473684, 0.526316, 0.578947, 0.631579, 0.684211, 0.736842, 0.789474, 0.842105, 0.894737, 0.947368, 1.000000, ]
	 center in last trial:    [-0.012749, 0.088431, 0.080424, 0.123807, 0.253009, 0.303051, 0.332560, 0.401848, 0.414843, 0.569351, 0.519402, 0.575186, 0.621735, 0.698100, 0.637841, 0.779787, 0.829936, 0.879895, 0.893295, 0.961079, ]
	 CI UB in the last trial: [0.165758, 0.257495, 0.252430, 0.277019, 0.414658, 0.476475, 0.493229, 0.591183, 0.632622, 0.741962, 0.741667, 0.767098, 0.819309, 0.843501, 0.812303, 0.940965, 1.044800, 1.055933, 1.077104, 1.123318, ]
	 CI LB in the last trial: [-0.191256, -0.080633, -0.091582, -0.029405, 0.091360, 0.129626, 0.171891, 0.212513, 0.197064, 0.396740, 0.297138, 0.383273, 0.424161, 0.552699, 0.463378, 0.618609, 0.615071, 0.703858, 0.709486, 0.798840, ]
----->
	 Cov Rate: 0.8962 	 (0.30500091803140533) 	Avg Len: 0.23863246763551155 	 (5.839388898567581e-05) 
	 d: 20 	 n: 2000 	 R: 50 	 eta_0: 0.05 	 alpha: 0.501 	 # Trials: 500
	 True solution:           [0.000000, 0.052632, 0.105263, 0.157895, 0.210526, 0.263158, 0.315789, 0.368421, 0.421053, 0.473684, 0.526316, 0.578947, 0.631579, 0.684211, 0.736842, 0.789474, 0.842105, 0.894737, 0.947368, 1.000000, ]
	 center in last trial:    [0.034678, 0.138723, 0.120507, 0.112075, 0.322645, 0.364301, 0.351433, 0.390619, 0.407411, 0.604149, 0.501163, 0.548307, 0.633146, 0.712858, 0.586721, 0.717846, 0.810183, 0.850314, 0.812526, 0.905582, ]
	 CI UB in the last trial: [0.263868, 0.374108, 0.361675, 0.329189, 0.550305, 0.581661, 0.551704, 0.593740, 0.675249, 0.823660, 0.768775, 0.801441, 0.871561, 0.929195, 0.815734, 0.915278, 1.069229, 1.117537, 1.024253, 1.134770, ]
	 CI LB in the last trial: [-0.194513, -0.096661, -0.120662, -0.105038, 0.094985, 0.146941, 0.151163, 0.187499, 0.139572, 0.384638, 0.233550, 0.295174, 0.394731, 0.496521, 0.357707, 0.520415, 0.551137, 0.583090, 0.600799, 0.676395, ]
----->
	 Cov Rate: 0.345 	 (0.47536827828537326) 	Avg Len: 0.23323434673493285 	 (5.182800478497509e-05) 
	 d: 20 	 n: 2000 	 R: 50 	 eta_0: 0.01 	 alpha: 0.501 	 # Trials: 500
	 True solution:           [0.000000, 0.052632, 0.105263, 0.157895, 0.210526, 0.263158, 0.315789, 0.368421, 0.421053, 0.473684, 0.526316, 0.578947, 0.631579, 0.684211, 0.736842, 0.789474, 0.842105, 0.894737, 0.947368, 1.000000, ]
	 center in last trial:    [0.253398, 0.315421, 0.260512, 0.246314, 0.433547, 0.443435, 0.397536, 0.369332, 0.390349, 0.516510, 0.415672, 0.468846, 0.508960, 0.554100, 0.443517, 0.485270, 0.602611, 0.617655, 0.534666, 0.593176, ]
	 CI UB in the last trial: [0.476180, 0.516666, 0.522206, 0.484211, 0.676894, 0.659588, 0.600681, 0.597727, 0.613125, 0.716696, 0.628736, 0.694849, 0.718336, 0.778248, 0.662426, 0.698165, 0.828171, 0.879069, 0.727480, 0.823845, ]
	 CI LB in the last trial: [0.030616, 0.114177, -0.001182, 0.008416, 0.190200, 0.227282, 0.194391, 0.140937, 0.167573, 0.316325, 0.202608, 0.242844, 0.299585, 0.329951, 0.224608, 0.272374, 0.377051, 0.356241, 0.341852, 0.362507, ]
----->
	 Cov Rate: 0.9491 	 (0.21979351673786923) 	Avg Len: 26.755810583652288 	 (0.11447800094491192) 
	 d: 20 	 n: 2000 	 R: 50 	 eta_0: 0.5 	 alpha: 0.501 	 # Trials: 500
	 True solution:           [0.000000, 0.052632, 0.105263, 0.157895, 0.210526, 0.263158, 0.315789, 0.368421, 0.421053, 0.473684, 0.526316, 0.578947, 0.631579, 0.684211, 0.736842, 0.789474, 0.842105, 0.894737, 0.947368, 1.000000, ]
	 center in last trial:    [0.070247, 0.489021, -0.198114, -0.168039, 0.403757, 0.162688, 0.400380, 0.387175, 0.644914, 0.357460, 0.299876, 0.725445, 0.814276, 0.580540, 0.387581, 1.060942, 0.332237, 0.782694, 0.804413, 1.384562, ]
	 CI UB in the last trial: [10.126982, 7.072660, 6.146323, 11.209401, 8.130330, 9.685948, 8.656722, 6.016561, 9.332539, 6.736248, 6.940913, 7.493858, 5.448368, 4.092854, 5.688065, 7.211424, 8.960421, 7.263148, 7.550852, 9.252941, ]
	 CI LB in the last trial: [-9.986488, -6.094619, -6.542551, -11.545479, -7.322817, -9.360572, -7.855963, -5.242210, -8.042710, -6.021328, -6.341161, -6.042967, -3.819816, -2.931774, -4.912903, -5.089540, -8.295948, -5.697759, -5.942025, -6.483816, ]
----->
	 Cov Rate: 0.9446 	 (0.22875934953570748) 	Avg Len: 0.1847212188410352 	 (5.3564391040326975e-05) 
	 d: 20 	 n: 2000 	 R: 50 	 eta_0: 0.1 	 alpha: 0.501 	 # Trials: 500
	 True solution:           [0.000000, 0.052632, 0.105263, 0.157895, 0.210526, 0.263158, 0.315789, 0.368421, 0.421053, 0.473684, 0.526316, 0.578947, 0.631579, 0.684211, 0.736842, 0.789474, 0.842105, 0.894737, 0.947368, 1.000000, ]
	 center in last trial:    [-0.012749, 0.088431, 0.080424, 0.123807, 0.253009, 0.303051, 0.332560, 0.401848, 0.414843, 0.569351, 0.519402, 0.575186, 0.621735, 0.698100, 0.637841, 0.779787, 0.829936, 0.879895, 0.893295, 0.961079, ]
	 CI UB in the last trial: [0.165758, 0.257495, 0.252430, 0.277019, 0.414658, 0.476475, 0.493229, 0.591183, 0.632622, 0.741962, 0.741667, 0.767098, 0.819309, 0.843501, 0.812303, 0.940965, 1.044800, 1.055933, 1.077104, 1.123318, ]
	 CI LB in the last trial: [-0.191256, -0.080633, -0.091582, -0.029405, 0.091360, 0.129626, 0.171891, 0.212513, 0.197064, 0.396740, 0.297138, 0.383273, 0.424161, 0.552699, 0.463378, 0.618609, 0.615071, 0.703858, 0.709486, 0.798840, ]
----->
	 Cov Rate: 0.8962 	 (0.30500091803140533) 	Avg Len: 0.23863246763551155 	 (5.839388898567581e-05) 
	 d: 20 	 n: 2000 	 R: 50 	 eta_0: 0.05 	 alpha: 0.501 	 # Trials: 500
	 True solution:           [0.000000, 0.052632, 0.105263, 0.157895, 0.210526, 0.263158, 0.315789, 0.368421, 0.421053, 0.473684, 0.526316, 0.578947, 0.631579, 0.684211, 0.736842, 0.789474, 0.842105, 0.894737, 0.947368, 1.000000, ]
	 center in last trial:    [0.034678, 0.138723, 0.120507, 0.112075, 0.322645, 0.364301, 0.351433, 0.390619, 0.407411, 0.604149, 0.501163, 0.548307, 0.633146, 0.712858, 0.586721, 0.717846, 0.810183, 0.850314, 0.812526, 0.905582, ]
	 CI UB in the last trial: [0.263868, 0.374108, 0.361675, 0.329189, 0.550305, 0.581661, 0.551704, 0.593740, 0.675249, 0.823660, 0.768775, 0.801441, 0.871561, 0.929195, 0.815734, 0.915278, 1.069229, 1.117537, 1.024253, 1.134770, ]
	 CI LB in the last trial: [-0.194513, -0.096661, -0.120662, -0.105038, 0.094985, 0.146941, 0.151163, 0.187499, 0.139572, 0.384638, 0.233550, 0.295174, 0.394731, 0.496521, 0.357707, 0.520415, 0.551137, 0.583090, 0.600799, 0.676395, ]
----->
	 Cov Rate: 0.345 	 (0.47536827828537326) 	Avg Len: 0.23323434673493285 	 (5.182800478497509e-05) 
	 d: 20 	 n: 2000 	 R: 50 	 eta_0: 0.01 	 alpha: 0.501 	 # Trials: 500
	 True solution:           [0.000000, 0.052632, 0.105263, 0.157895, 0.210526, 0.263158, 0.315789, 0.368421, 0.421053, 0.473684, 0.526316, 0.578947, 0.631579, 0.684211, 0.736842, 0.789474, 0.842105, 0.894737, 0.947368, 1.000000, ]
	 center in last trial:    [0.253398, 0.315421, 0.260512, 0.246314, 0.433547, 0.443435, 0.397536, 0.369332, 0.390349, 0.516510, 0.415672, 0.468846, 0.508960, 0.554100, 0.443517, 0.485270, 0.602611, 0.617655, 0.534666, 0.593176, ]
	 CI UB in the last trial: [0.476180, 0.516666, 0.522206, 0.484211, 0.676894, 0.659588, 0.600681, 0.597727, 0.613125, 0.716696, 0.628736, 0.694849, 0.718336, 0.778248, 0.662426, 0.698165, 0.828171, 0.879069, 0.727480, 0.823845, ]
	 CI LB in the last trial: [0.030616, 0.114177, -0.001182, 0.008416, 0.190200, 0.227282, 0.194391, 0.140937, 0.167573, 0.316325, 0.202608, 0.242844, 0.299585, 0.329951, 0.224608, 0.272374, 0.377051, 0.356241, 0.341852, 0.362507, ]
----->
	 Cov Rate: 0.9139 	 (0.280511657511769) 	Avg Len: 0.31705046923621716 	 (0.0017916056703129969) 
	 d: 20 	 n: 100000 	 R: 10 	 eta_0: 0.5 	 alpha: 0.501 	 # Trials: 500
	 True solution:           [0.000000, 0.052632, 0.105263, 0.157895, 0.210526, 0.263158, 0.315789, 0.368421, 0.421053, 0.473684, 0.526316, 0.578947, 0.631579, 0.684211, 0.736842, 0.789474, 0.842105, 0.894737, 0.947368, 1.000000, ]
	 center in last trial:    [-0.004101, 0.061408, 0.105523, 0.151163, 0.212553, 0.255830, 0.318466, 0.370183, 0.426371, 0.463367, 0.520352, 0.584677, 0.632006, 0.680765, 0.732252, 0.793308, 0.837969, 0.891364, 0.941236, 1.009345, ]
	 CI UB in the last trial: [0.378837, 0.121295, 0.204698, 1.055765, 1.504857, 0.327824, 0.398318, 1.136766, 1.186429, 0.516359, 1.686382, 1.955884, 1.378541, 0.828666, 0.894039, 0.900911, 1.609408, 1.653306, 2.135073, 2.895792, ]
	 CI LB in the last trial: [-0.387038, 0.001521, 0.006348, -0.753439, -1.079751, 0.183837, 0.238613, -0.396400, -0.333688, 0.410375, -0.645678, -0.786529, -0.114529, 0.532863, 0.570466, 0.685705, 0.066530, 0.129422, -0.252600, -0.877103, ]
----->
	 Cov Rate: 0.9495 	 (0.21897431356211622) 	Avg Len: 0.015825988733904724 	 (7.67714063219263e-06) 
	 d: 20 	 n: 100000 	 R: 10 	 eta_0: 0.1 	 alpha: 0.501 	 # Trials: 500
	 True solution:           [0.000000, 0.052632, 0.105263, 0.157895, 0.210526, 0.263158, 0.315789, 0.368421, 0.421053, 0.473684, 0.526316, 0.578947, 0.631579, 0.684211, 0.736842, 0.789474, 0.842105, 0.894737, 0.947368, 1.000000, ]
	 center in last trial:    [-0.002492, 0.053657, 0.109070, 0.153615, 0.211739, 0.258862, 0.316505, 0.370647, 0.422939, 0.466812, 0.524204, 0.581509, 0.629801, 0.683611, 0.735221, 0.788739, 0.845845, 0.892769, 0.944082, 1.001843, ]
	 CI UB in the last trial: [0.012018, 0.066263, 0.120957, 0.165088, 0.228051, 0.282008, 0.330511, 0.385482, 0.439145, 0.483977, 0.541555, 0.594965, 0.649484, 0.699068, 0.756733, 0.797288, 0.858630, 0.904729, 0.953524, 1.016727, ]
	 CI LB in the last trial: [-0.017002, 0.041050, 0.097184, 0.142143, 0.195427, 0.235715, 0.302500, 0.355812, 0.406734, 0.449647, 0.506854, 0.568052, 0.610118, 0.668153, 0.713709, 0.780191, 0.833060, 0.880809, 0.934639, 0.986959, ]
----->
	 Cov Rate: 0.9423 	 (0.2331752774202274) 	Avg Len: 0.016562079866037235 	 (8.058418849171392e-06) 
	 d: 20 	 n: 100000 	 R: 10 	 eta_0: 0.05 	 alpha: 0.501 	 # Trials: 500
	 True solution:           [0.000000, 0.052632, 0.105263, 0.157895, 0.210526, 0.263158, 0.315789, 0.368421, 0.421053, 0.473684, 0.526316, 0.578947, 0.631579, 0.684211, 0.736842, 0.789474, 0.842105, 0.894737, 0.947368, 1.000000, ]
	 center in last trial:    [-0.001443, 0.054325, 0.109122, 0.153702, 0.213219, 0.260628, 0.317592, 0.370920, 0.422738, 0.468002, 0.523869, 0.580575, 0.629970, 0.684679, 0.733541, 0.786916, 0.845334, 0.892109, 0.942500, 1.000299, ]
	 CI UB in the last trial: [0.011195, 0.067940, 0.121842, 0.167014, 0.230840, 0.285568, 0.332348, 0.386233, 0.439136, 0.486712, 0.540507, 0.593024, 0.649788, 0.700107, 0.755537, 0.797494, 0.855712, 0.903620, 0.952901, 1.015834, ]
	 CI LB in the last trial: [-0.014080, 0.040711, 0.096402, 0.140390, 0.195598, 0.235688, 0.302836, 0.355607, 0.406340, 0.449293, 0.507232, 0.568125, 0.610151, 0.669252, 0.711546, 0.776337, 0.834956, 0.880599, 0.932098, 0.984763, ]
----->
	 Cov Rate: 0.4311 	 (0.4952300374573416) 	Avg Len: 0.03524386309411644 	 (1.733544052749018e-05) 
	 d: 20 	 n: 100000 	 R: 10 	 eta_0: 0.01 	 alpha: 0.501 	 # Trials: 500
	 True solution:           [0.000000, 0.052632, 0.105263, 0.157895, 0.210526, 0.263158, 0.315789, 0.368421, 0.421053, 0.473684, 0.526316, 0.578947, 0.631579, 0.684211, 0.736842, 0.789474, 0.842105, 0.894737, 0.947368, 1.000000, ]
	 center in last trial:    [0.036738, 0.088159, 0.128506, 0.175972, 0.241924, 0.290241, 0.334978, 0.378423, 0.420617, 0.475188, 0.517702, 0.571849, 0.618558, 0.673853, 0.705215, 0.756049, 0.821318, 0.864968, 0.905334, 0.957584, ]
	 CI UB in the last trial: [0.064238, 0.113383, 0.152003, 0.211608, 0.270684, 0.338696, 0.360807, 0.410989, 0.443766, 0.509400, 0.542235, 0.603013, 0.646308, 0.692569, 0.745393, 0.804974, 0.850576, 0.898678, 0.945548, 0.992803, ]
	 CI LB in the last trial: [0.009238, 0.062935, 0.105009, 0.140336, 0.213165, 0.241785, 0.309149, 0.345857, 0.397469, 0.440976, 0.493170, 0.540686, 0.590807, 0.655137, 0.665037, 0.707124, 0.792060, 0.831259, 0.865120, 0.922365, ]
