----->
	 Cov Rate: 0.94962 	 (0.21872781167469307) 	Avg Len: 0.09624322387051917 	 (0.00010100809645704361) 
	 d: 100 	 n: 100000 	 R: 3 	 eta_0: 0.1 	 alpha: 0.501 	 # Trials: 500
	 True solution:           [0.000000, 0.010101, 0.020202, 0.030303, 0.040404, 0.050505, 0.060606, 0.070707, 0.080808, 0.090909, 0.101010, 0.111111, 0.121212, 0.131313, 0.141414, 0.151515, 0.161616, 0.171717, 0.181818, 0.191919, 0.202020, 0.212121, 0.222222, 0.232323, 0.242424, 0.252525, 0.262626, 0.272727, 0.282828, 0.292929, 0.303030, 0.313131, 0.323232, 0.333333, 0.343434, 0.353535, 0.363636, 0.373737, 0.383838, 0.393939, 0.404040, 0.414141, 0.424242, 0.434343, 0.444444, 0.454545, 0.464646, 0.474747, 0.484848, 0.494949, 0.505051, 0.515152, 0.525253, 0.535354, 0.545455, 0.555556, 0.565657, 0.575758, 0.585859, 0.595960, 0.606061, 0.616162, 0.626263, 0.636364, 0.646465, 0.656566, 0.666667, 0.676768, 0.686869, 0.696970, 0.707071, 0.717172, 0.727273, 0.737374, 0.747475, 0.757576, 0.767677, 0.777778, 0.787879, 0.797980, 0.808081, 0.818182, 0.828283, 0.838384, 0.848485, 0.858586, 0.868687, 0.878788, 0.888889, 0.898990, 0.909091, 0.919192, 0.929293, 0.939394, 0.949495, 0.959596, 0.969697, 0.979798, 0.989899, 1.000000, ]
	 center in last trial:    [0.009943, 0.014431, 0.037746, 0.028959, 0.032079, 0.067142, 0.084101, 0.059074, 0.081061, 0.109147, 0.131600, 0.104989, 0.126421, 0.137384, 0.150763, 0.145319, 0.179106, 0.181503, 0.170663, 0.189553, 0.228579, 0.210543, 0.204709, 0.240665, 0.228558, 0.264055, 0.246533, 0.289916, 0.277981, 0.299562, 0.300155, 0.303176, 0.333989, 0.327997, 0.357112, 0.351008, 0.346646, 0.369060, 0.376570, 0.408068, 0.391396, 0.383293, 0.429125, 0.442001, 0.448012, 0.443504, 0.462178, 0.489366, 0.475465, 0.496001, 0.507480, 0.527790, 0.518504, 0.537447, 0.554057, 0.555687, 0.568261, 0.564130, 0.572957, 0.601045, 0.595619, 0.633625, 0.633491, 0.647030, 0.640900, 0.670658, 0.649080, 0.676351, 0.668884, 0.689214, 0.708184, 0.709865, 0.725321, 0.722729, 0.764294, 0.746072, 0.786806, 0.790111, 0.785450, 0.770859, 0.807644, 0.822753, 0.833879, 0.822565, 0.855230, 0.862877, 0.859942, 0.879666, 0.879613, 0.913910, 0.912757, 0.915809, 0.932575, 0.954255, 0.950812, 0.966161, 0.975336, 0.960527, 0.980722, 1.010363, ]
	 CI UB in the last trial: [0.204602, 0.151101, 0.178680, 0.048064, 0.123034, 0.099868, 0.168284, 0.103706, 0.228869, 0.139651, 0.240838, 0.176860, 0.204022, 0.188357, 0.293202, 0.175440, 0.197385, 0.264654, 0.310636, 0.314899, 0.322205, 0.368369, 0.232705, 0.282322, 0.276016, 0.381613, 0.331824, 0.477563, 0.342316, 0.356886, 0.461618, 0.323517, 0.387720, 0.369036, 0.492802, 0.478096, 0.435942, 0.460795, 0.490322, 0.539321, 0.461375, 0.479665, 0.548189, 0.522509, 0.638240, 0.558526, 0.525855, 0.617006, 0.611286, 0.615312, 0.602514, 0.595061, 0.645351, 0.570648, 0.600571, 0.808801, 0.665494, 0.598455, 0.702027, 0.733418, 0.630341, 0.705094, 0.750479, 0.717255, 0.787190, 0.748867, 0.709516, 0.728131, 0.687984, 0.793522, 0.719539, 0.758360, 0.753675, 0.847963, 0.858578, 0.836820, 0.979702, 0.792087, 0.860694, 0.837710, 0.819952, 0.919896, 0.883650, 0.920379, 1.024905, 0.971940, 0.975694, 0.915211, 0.988013, 0.991961, 0.986965, 1.043085, 0.973935, 1.121756, 1.116875, 1.071307, 1.068146, 1.078054, 1.165068, 1.106241, ]
	 CI LB in the last trial: [-0.184716, -0.122239, -0.103187, 0.009854, -0.058876, 0.034416, -0.000083, 0.014441, -0.066748, 0.078644, 0.022362, 0.033118, 0.048819, 0.086410, 0.008324, 0.115197, 0.160827, 0.098352, 0.030690, 0.064207, 0.134953, 0.052718, 0.176714, 0.199008, 0.181099, 0.146497, 0.161242, 0.102269, 0.213647, 0.242239, 0.138692, 0.282836, 0.280259, 0.286958, 0.221421, 0.223921, 0.257350, 0.277325, 0.262818, 0.276815, 0.321418, 0.286921, 0.310061, 0.361493, 0.257784, 0.328482, 0.398501, 0.361726, 0.339644, 0.376690, 0.412447, 0.460518, 0.391656, 0.504247, 0.507543, 0.302572, 0.471028, 0.529805, 0.443888, 0.468671, 0.560896, 0.562155, 0.516504, 0.576806, 0.494611, 0.592449, 0.588644, 0.624571, 0.649785, 0.584906, 0.696830, 0.661371, 0.696967, 0.597496, 0.670011, 0.655325, 0.593910, 0.788135, 0.710206, 0.704008, 0.795335, 0.725609, 0.784109, 0.724751, 0.685554, 0.753813, 0.744189, 0.844121, 0.771212, 0.835859, 0.838549, 0.788532, 0.891216, 0.786754, 0.784749, 0.861015, 0.882527, 0.843000, 0.796377, 0.914485, ]
----->
	 Cov Rate: 0.94612 	 (0.2257807467433838) 	Avg Len: 0.03173845075691562 	 (3.330588517406235e-05) 
	 d: 100 	 n: 100000 	 R: 3 	 eta_0: 0.01 	 alpha: 0.501 	 # Trials: 500
	 True solution:           [0.000000, 0.010101, 0.020202, 0.030303, 0.040404, 0.050505, 0.060606, 0.070707, 0.080808, 0.090909, 0.101010, 0.111111, 0.121212, 0.131313, 0.141414, 0.151515, 0.161616, 0.171717, 0.181818, 0.191919, 0.202020, 0.212121, 0.222222, 0.232323, 0.242424, 0.252525, 0.262626, 0.272727, 0.282828, 0.292929, 0.303030, 0.313131, 0.323232, 0.333333, 0.343434, 0.353535, 0.363636, 0.373737, 0.383838, 0.393939, 0.404040, 0.414141, 0.424242, 0.434343, 0.444444, 0.454545, 0.464646, 0.474747, 0.484848, 0.494949, 0.505051, 0.515152, 0.525253, 0.535354, 0.545455, 0.555556, 0.565657, 0.575758, 0.585859, 0.595960, 0.606061, 0.616162, 0.626263, 0.636364, 0.646465, 0.656566, 0.666667, 0.676768, 0.686869, 0.696970, 0.707071, 0.717172, 0.727273, 0.737374, 0.747475, 0.757576, 0.767677, 0.777778, 0.787879, 0.797980, 0.808081, 0.818182, 0.828283, 0.838384, 0.848485, 0.858586, 0.868687, 0.878788, 0.888889, 0.898990, 0.909091, 0.919192, 0.929293, 0.939394, 0.949495, 0.959596, 0.969697, 0.979798, 0.989899, 1.000000, ]
	 center in last trial:    [0.004364, 0.008055, 0.022534, 0.027825, 0.039307, 0.056766, 0.062876, 0.067844, 0.080400, 0.100948, 0.105069, 0.120647, 0.123859, 0.130061, 0.150172, 0.147697, 0.169295, 0.171614, 0.182447, 0.190242, 0.201612, 0.209435, 0.220064, 0.238360, 0.238867, 0.252416, 0.256806, 0.275432, 0.273620, 0.290065, 0.304341, 0.309777, 0.321392, 0.331913, 0.342495, 0.345973, 0.365600, 0.372776, 0.382280, 0.390606, 0.397276, 0.405251, 0.421821, 0.436692, 0.439916, 0.451343, 0.462727, 0.471434, 0.486833, 0.492699, 0.506273, 0.520822, 0.533568, 0.532762, 0.548934, 0.563303, 0.565727, 0.577308, 0.583191, 0.597315, 0.606194, 0.621386, 0.627371, 0.636341, 0.643983, 0.657100, 0.662613, 0.680684, 0.689040, 0.701064, 0.709208, 0.712347, 0.729272, 0.733499, 0.747175, 0.751369, 0.771318, 0.780410, 0.785500, 0.795718, 0.806298, 0.819736, 0.826245, 0.833345, 0.844109, 0.859119, 0.865214, 0.881642, 0.890060, 0.902274, 0.909783, 0.915315, 0.929333, 0.942849, 0.944751, 0.961106, 0.972175, 0.978674, 0.983709, 0.991291, ]
	 CI UB in the last trial: [0.037737, 0.064278, 0.083257, 0.057096, 0.054859, 0.095164, 0.093177, 0.114126, 0.136750, 0.133700, 0.155693, 0.137303, 0.146529, 0.156865, 0.204070, 0.171191, 0.201660, 0.219025, 0.205728, 0.221546, 0.241927, 0.225913, 0.245378, 0.257795, 0.253125, 0.291822, 0.284638, 0.329697, 0.299142, 0.318816, 0.348440, 0.320342, 0.374023, 0.362525, 0.377155, 0.369537, 0.381283, 0.389231, 0.407974, 0.419154, 0.427465, 0.429035, 0.478370, 0.483521, 0.492732, 0.505497, 0.489661, 0.501779, 0.496862, 0.519767, 0.549632, 0.571132, 0.558415, 0.551645, 0.562895, 0.628617, 0.588032, 0.592926, 0.618768, 0.640380, 0.634054, 0.644082, 0.644584, 0.697324, 0.685012, 0.671488, 0.676699, 0.691484, 0.726663, 0.778698, 0.732849, 0.761481, 0.747951, 0.782295, 0.812429, 0.784626, 0.842654, 0.833275, 0.799838, 0.847801, 0.814207, 0.834050, 0.839195, 0.841192, 0.890645, 0.898554, 0.919982, 0.909436, 0.955353, 0.931932, 0.934830, 0.938746, 0.951736, 1.008759, 0.991021, 0.966402, 1.010115, 0.989796, 1.002445, 1.014780, ]
	 CI LB in the last trial: [-0.029009, -0.048168, -0.038188, -0.001445, 0.023755, 0.018369, 0.032575, 0.021562, 0.024049, 0.068195, 0.054446, 0.103991, 0.101189, 0.103257, 0.096275, 0.124204, 0.136929, 0.124202, 0.159166, 0.158938, 0.161297, 0.192957, 0.194749, 0.218926, 0.224608, 0.213009, 0.228974, 0.221168, 0.248099, 0.261314, 0.260241, 0.299212, 0.268760, 0.301301, 0.307836, 0.322410, 0.349917, 0.356321, 0.356586, 0.362057, 0.367086, 0.381466, 0.365273, 0.389863, 0.387101, 0.397189, 0.435793, 0.441090, 0.476804, 0.465631, 0.462913, 0.470513, 0.508721, 0.513878, 0.534973, 0.497988, 0.543422, 0.561691, 0.547615, 0.554250, 0.578335, 0.598690, 0.610157, 0.575359, 0.602953, 0.642711, 0.648527, 0.669884, 0.651418, 0.623430, 0.685568, 0.663212, 0.710593, 0.684703, 0.681920, 0.718111, 0.699983, 0.727546, 0.771163, 0.743635, 0.798390, 0.805423, 0.813295, 0.825498, 0.797572, 0.819683, 0.810446, 0.853849, 0.824767, 0.872616, 0.884736, 0.891883, 0.906930, 0.876939, 0.898480, 0.955809, 0.934235, 0.967553, 0.964973, 0.967802, ]
----->
	 Cov Rate: 0.94978 	 (0.2183986071384156) 	Avg Len: 0.06603851916893713 	 (4.8062919437896785e-05) 
	 d: 100 	 n: 100000 	 R: 5 	 eta_0: 0.1 	 alpha: 0.501 	 # Trials: 500
	 True solution:           [0.000000, 0.010101, 0.020202, 0.030303, 0.040404, 0.050505, 0.060606, 0.070707, 0.080808, 0.090909, 0.101010, 0.111111, 0.121212, 0.131313, 0.141414, 0.151515, 0.161616, 0.171717, 0.181818, 0.191919, 0.202020, 0.212121, 0.222222, 0.232323, 0.242424, 0.252525, 0.262626, 0.272727, 0.282828, 0.292929, 0.303030, 0.313131, 0.323232, 0.333333, 0.343434, 0.353535, 0.363636, 0.373737, 0.383838, 0.393939, 0.404040, 0.414141, 0.424242, 0.434343, 0.444444, 0.454545, 0.464646, 0.474747, 0.484848, 0.494949, 0.505051, 0.515152, 0.525253, 0.535354, 0.545455, 0.555556, 0.565657, 0.575758, 0.585859, 0.595960, 0.606061, 0.616162, 0.626263, 0.636364, 0.646465, 0.656566, 0.666667, 0.676768, 0.686869, 0.696970, 0.707071, 0.717172, 0.727273, 0.737374, 0.747475, 0.757576, 0.767677, 0.777778, 0.787879, 0.797980, 0.808081, 0.818182, 0.828283, 0.838384, 0.848485, 0.858586, 0.868687, 0.878788, 0.888889, 0.898990, 0.909091, 0.919192, 0.929293, 0.939394, 0.949495, 0.959596, 0.969697, 0.979798, 0.989899, 1.000000, ]
	 center in last trial:    [0.009943, 0.014431, 0.037746, 0.028959, 0.032079, 0.067142, 0.084101, 0.059074, 0.081061, 0.109147, 0.131600, 0.104989, 0.126421, 0.137384, 0.150763, 0.145319, 0.179106, 0.181503, 0.170663, 0.189553, 0.228579, 0.210543, 0.204709, 0.240665, 0.228558, 0.264055, 0.246533, 0.289916, 0.277981, 0.299562, 0.300155, 0.303176, 0.333989, 0.327997, 0.357112, 0.351008, 0.346646, 0.369060, 0.376570, 0.408068, 0.391396, 0.383293, 0.429125, 0.442001, 0.448012, 0.443504, 0.462178, 0.489366, 0.475465, 0.496001, 0.507480, 0.527790, 0.518504, 0.537447, 0.554057, 0.555687, 0.568261, 0.564130, 0.572957, 0.601045, 0.595619, 0.633625, 0.633491, 0.647030, 0.640900, 0.670658, 0.649080, 0.676351, 0.668884, 0.689214, 0.708184, 0.709865, 0.725321, 0.722729, 0.764294, 0.746072, 0.786806, 0.790111, 0.785450, 0.770859, 0.807644, 0.822753, 0.833879, 0.822565, 0.855230, 0.862877, 0.859942, 0.879666, 0.879613, 0.913910, 0.912757, 0.915809, 0.932575, 0.954255, 0.950812, 0.966161, 0.975336, 0.960527, 0.980722, 1.010363, ]
	 CI UB in the last trial: [0.120418, 0.088995, 0.125430, 0.122890, 0.088210, 0.149169, 0.149320, 0.148646, 0.165474, 0.123652, 0.225862, 0.139448, 0.208724, 0.176808, 0.249528, 0.189127, 0.229154, 0.221653, 0.240607, 0.249345, 0.310985, 0.311162, 0.250981, 0.286427, 0.290896, 0.340029, 0.307138, 0.379541, 0.309381, 0.363337, 0.377682, 0.336464, 0.382656, 0.383533, 0.459390, 0.434583, 0.393836, 0.422757, 0.430462, 0.485246, 0.438404, 0.435297, 0.528209, 0.506644, 0.547669, 0.512562, 0.500112, 0.557939, 0.551958, 0.581014, 0.571122, 0.623411, 0.590585, 0.610733, 0.582158, 0.704245, 0.618172, 0.616563, 0.633820, 0.663933, 0.639407, 0.694419, 0.691504, 0.700814, 0.719104, 0.728821, 0.726324, 0.729136, 0.690993, 0.747900, 0.717460, 0.744816, 0.745334, 0.781696, 0.807889, 0.790655, 0.886567, 0.804685, 0.825406, 0.805005, 0.816502, 0.906059, 0.865994, 0.900987, 0.933680, 0.914248, 0.928569, 0.899784, 0.970947, 0.971632, 0.982959, 0.995968, 0.989342, 1.043075, 1.047069, 1.049420, 1.042366, 1.027601, 1.084104, 1.082745, ]
	 CI LB in the last trial: [-0.100531, -0.060132, -0.049937, -0.064972, -0.024051, -0.014886, 0.018881, -0.030498, -0.003353, 0.094642, 0.037338, 0.070530, 0.044117, 0.097959, 0.051998, 0.101510, 0.129058, 0.141352, 0.100719, 0.129761, 0.146173, 0.109925, 0.158437, 0.194902, 0.166219, 0.188080, 0.185928, 0.200292, 0.246582, 0.235788, 0.222627, 0.269889, 0.285323, 0.272461, 0.254833, 0.267433, 0.299456, 0.315363, 0.322677, 0.330890, 0.344389, 0.331289, 0.330040, 0.377358, 0.348354, 0.374447, 0.424244, 0.420794, 0.398972, 0.410988, 0.443839, 0.432169, 0.446422, 0.464162, 0.525956, 0.407129, 0.518350, 0.511697, 0.512094, 0.538156, 0.551830, 0.572830, 0.575478, 0.593247, 0.562697, 0.612495, 0.571836, 0.623565, 0.646776, 0.630528, 0.698909, 0.674914, 0.705308, 0.663762, 0.720699, 0.701489, 0.687045, 0.775537, 0.745494, 0.736714, 0.798785, 0.739446, 0.801765, 0.744143, 0.776780, 0.811505, 0.791315, 0.859548, 0.788278, 0.856189, 0.842555, 0.835650, 0.875809, 0.865435, 0.854555, 0.882902, 0.908306, 0.893453, 0.877340, 0.937980, ]
----->
	 Cov Rate: 0.94376 	 (0.23038459670733197) 	Avg Len: 0.021653493468940906 	 (1.57373443201258e-05) 
	 d: 100 	 n: 100000 	 R: 5 	 eta_0: 0.01 	 alpha: 0.501 	 # Trials: 500
	 True solution:           [0.000000, 0.010101, 0.020202, 0.030303, 0.040404, 0.050505, 0.060606, 0.070707, 0.080808, 0.090909, 0.101010, 0.111111, 0.121212, 0.131313, 0.141414, 0.151515, 0.161616, 0.171717, 0.181818, 0.191919, 0.202020, 0.212121, 0.222222, 0.232323, 0.242424, 0.252525, 0.262626, 0.272727, 0.282828, 0.292929, 0.303030, 0.313131, 0.323232, 0.333333, 0.343434, 0.353535, 0.363636, 0.373737, 0.383838, 0.393939, 0.404040, 0.414141, 0.424242, 0.434343, 0.444444, 0.454545, 0.464646, 0.474747, 0.484848, 0.494949, 0.505051, 0.515152, 0.525253, 0.535354, 0.545455, 0.555556, 0.565657, 0.575758, 0.585859, 0.595960, 0.606061, 0.616162, 0.626263, 0.636364, 0.646465, 0.656566, 0.666667, 0.676768, 0.686869, 0.696970, 0.707071, 0.717172, 0.727273, 0.737374, 0.747475, 0.757576, 0.767677, 0.777778, 0.787879, 0.797980, 0.808081, 0.818182, 0.828283, 0.838384, 0.848485, 0.858586, 0.868687, 0.878788, 0.888889, 0.898990, 0.909091, 0.919192, 0.929293, 0.939394, 0.949495, 0.959596, 0.969697, 0.979798, 0.989899, 1.000000, ]
	 center in last trial:    [0.004364, 0.008055, 0.022534, 0.027825, 0.039307, 0.056766, 0.062876, 0.067844, 0.080400, 0.100948, 0.105069, 0.120647, 0.123859, 0.130061, 0.150172, 0.147697, 0.169295, 0.171614, 0.182447, 0.190242, 0.201612, 0.209435, 0.220064, 0.238360, 0.238867, 0.252416, 0.256806, 0.275432, 0.273620, 0.290065, 0.304341, 0.309777, 0.321392, 0.331913, 0.342495, 0.345973, 0.365600, 0.372776, 0.382280, 0.390606, 0.397276, 0.405251, 0.421821, 0.436692, 0.439916, 0.451343, 0.462727, 0.471434, 0.486833, 0.492699, 0.506273, 0.520822, 0.533568, 0.532762, 0.548934, 0.563303, 0.565727, 0.577308, 0.583191, 0.597315, 0.606194, 0.621386, 0.627371, 0.636341, 0.643983, 0.657100, 0.662613, 0.680684, 0.689040, 0.701064, 0.709208, 0.712347, 0.729272, 0.733499, 0.747175, 0.751369, 0.771318, 0.780410, 0.785500, 0.795718, 0.806298, 0.819736, 0.826245, 0.833345, 0.844109, 0.859119, 0.865214, 0.881642, 0.890060, 0.902274, 0.909783, 0.915315, 0.929333, 0.942849, 0.944751, 0.961106, 0.972175, 0.978674, 0.983709, 0.991291, ]
	 CI UB in the last trial: [0.030466, 0.040195, 0.054478, 0.064503, 0.051477, 0.077485, 0.083964, 0.102783, 0.115188, 0.133985, 0.148566, 0.132017, 0.139550, 0.150042, 0.180440, 0.163305, 0.186121, 0.199975, 0.194337, 0.207680, 0.226499, 0.225932, 0.239090, 0.266920, 0.251672, 0.273137, 0.287673, 0.306612, 0.290412, 0.313380, 0.325376, 0.319130, 0.350734, 0.352678, 0.365514, 0.367181, 0.385873, 0.397739, 0.394649, 0.412590, 0.413727, 0.423781, 0.449880, 0.469985, 0.466681, 0.488352, 0.483854, 0.492109, 0.495350, 0.510359, 0.530904, 0.545287, 0.550974, 0.554123, 0.561919, 0.597973, 0.580504, 0.597437, 0.602208, 0.630277, 0.623983, 0.632060, 0.648825, 0.667210, 0.673067, 0.673167, 0.683603, 0.687957, 0.709031, 0.738101, 0.721259, 0.737610, 0.746458, 0.758716, 0.779835, 0.772716, 0.810420, 0.809856, 0.792132, 0.821650, 0.816840, 0.836773, 0.835711, 0.857413, 0.866094, 0.878838, 0.891490, 0.901148, 0.923896, 0.928495, 0.934517, 0.928315, 0.949026, 0.980609, 0.966837, 0.976646, 0.992261, 0.999932, 1.008810, 1.003835, ]
	 CI LB in the last trial: [-0.021739, -0.024085, -0.009409, -0.008852, 0.027137, 0.036047, 0.041788, 0.032905, 0.045611, 0.067911, 0.061573, 0.109277, 0.108168, 0.110081, 0.119904, 0.132089, 0.152469, 0.143253, 0.170558, 0.172805, 0.176725, 0.192938, 0.201037, 0.209801, 0.226061, 0.231694, 0.225939, 0.244253, 0.256829, 0.266750, 0.283305, 0.300424, 0.292050, 0.311148, 0.319477, 0.324765, 0.345327, 0.347813, 0.369911, 0.368621, 0.380824, 0.386720, 0.393763, 0.403400, 0.413152, 0.414333, 0.441601, 0.450759, 0.478315, 0.475039, 0.481642, 0.496358, 0.516163, 0.511400, 0.535949, 0.528632, 0.550950, 0.557179, 0.564174, 0.564354, 0.588406, 0.610711, 0.605916, 0.605472, 0.614898, 0.641033, 0.641623, 0.673411, 0.669050, 0.664027, 0.697158, 0.687084, 0.712087, 0.708283, 0.714514, 0.730022, 0.732217, 0.750965, 0.778868, 0.769786, 0.795756, 0.802699, 0.816780, 0.809277, 0.822124, 0.839399, 0.838938, 0.862137, 0.856225, 0.876053, 0.885049, 0.902314, 0.909641, 0.905089, 0.922664, 0.945566, 0.952090, 0.957417, 0.958607, 0.978747, ]
----->
	 Cov Rate: 0.95016 	 (0.2176142789432716) 	Avg Len: 0.05786428098578883 	 (3.139074181348342e-05) 
	 d: 100 	 n: 100000 	 R: 8 	 eta_0: 0.1 	 alpha: 0.501 	 # Trials: 500
	 True solution:           [0.000000, 0.010101, 0.020202, 0.030303, 0.040404, 0.050505, 0.060606, 0.070707, 0.080808, 0.090909, 0.101010, 0.111111, 0.121212, 0.131313, 0.141414, 0.151515, 0.161616, 0.171717, 0.181818, 0.191919, 0.202020, 0.212121, 0.222222, 0.232323, 0.242424, 0.252525, 0.262626, 0.272727, 0.282828, 0.292929, 0.303030, 0.313131, 0.323232, 0.333333, 0.343434, 0.353535, 0.363636, 0.373737, 0.383838, 0.393939, 0.404040, 0.414141, 0.424242, 0.434343, 0.444444, 0.454545, 0.464646, 0.474747, 0.484848, 0.494949, 0.505051, 0.515152, 0.525253, 0.535354, 0.545455, 0.555556, 0.565657, 0.575758, 0.585859, 0.595960, 0.606061, 0.616162, 0.626263, 0.636364, 0.646465, 0.656566, 0.666667, 0.676768, 0.686869, 0.696970, 0.707071, 0.717172, 0.727273, 0.737374, 0.747475, 0.757576, 0.767677, 0.777778, 0.787879, 0.797980, 0.808081, 0.818182, 0.828283, 0.838384, 0.848485, 0.858586, 0.868687, 0.878788, 0.888889, 0.898990, 0.909091, 0.919192, 0.929293, 0.939394, 0.949495, 0.959596, 0.969697, 0.979798, 0.989899, 1.000000, ]
	 center in last trial:    [0.009943, 0.014431, 0.037746, 0.028959, 0.032079, 0.067142, 0.084101, 0.059074, 0.081061, 0.109147, 0.131600, 0.104989, 0.126421, 0.137384, 0.150763, 0.145319, 0.179106, 0.181503, 0.170663, 0.189553, 0.228579, 0.210543, 0.204709, 0.240665, 0.228558, 0.264055, 0.246533, 0.289916, 0.277981, 0.299562, 0.300155, 0.303176, 0.333989, 0.327997, 0.357112, 0.351008, 0.346646, 0.369060, 0.376570, 0.408068, 0.391396, 0.383293, 0.429125, 0.442001, 0.448012, 0.443504, 0.462178, 0.489366, 0.475465, 0.496001, 0.507480, 0.527790, 0.518504, 0.537447, 0.554057, 0.555687, 0.568261, 0.564130, 0.572957, 0.601045, 0.595619, 0.633625, 0.633491, 0.647030, 0.640900, 0.670658, 0.649080, 0.676351, 0.668884, 0.689214, 0.708184, 0.709865, 0.725321, 0.722729, 0.764294, 0.746072, 0.786806, 0.790111, 0.785450, 0.770859, 0.807644, 0.822753, 0.833879, 0.822565, 0.855230, 0.862877, 0.859942, 0.879666, 0.879613, 0.913910, 0.912757, 0.915809, 0.932575, 0.954255, 0.950812, 0.966161, 0.975336, 0.960527, 0.980722, 1.010363, ]
	 CI UB in the last trial: [0.083170, 0.082113, 0.095755, 0.110103, 0.085787, 0.134361, 0.137554, 0.129149, 0.148216, 0.119828, 0.217311, 0.135464, 0.185440, 0.240053, 0.226211, 0.176368, 0.215616, 0.237001, 0.222768, 0.239957, 0.283665, 0.290605, 0.273945, 0.281343, 0.283733, 0.327380, 0.299283, 0.355426, 0.302677, 0.350287, 0.356722, 0.327225, 0.372559, 0.372060, 0.435289, 0.412154, 0.421240, 0.422026, 0.414228, 0.462020, 0.429855, 0.435440, 0.500966, 0.489855, 0.512584, 0.500184, 0.512576, 0.557113, 0.532157, 0.563091, 0.562875, 0.593586, 0.582274, 0.594421, 0.606833, 0.663790, 0.612404, 0.609578, 0.647328, 0.653984, 0.637714, 0.676043, 0.678769, 0.702609, 0.702769, 0.754831, 0.703499, 0.717903, 0.691266, 0.771230, 0.724238, 0.746849, 0.752467, 0.764274, 0.814192, 0.805228, 0.861090, 0.807936, 0.846930, 0.814224, 0.835863, 0.876719, 0.857104, 0.902214, 0.910914, 0.902608, 0.908796, 0.901779, 0.960244, 0.961095, 0.961528, 0.973636, 0.973047, 1.035627, 1.024822, 1.035807, 1.033301, 1.020355, 1.061723, 1.072510, ]
	 CI LB in the last trial: [-0.063284, -0.053250, -0.020262, -0.052185, -0.021629, -0.000077, 0.030648, -0.011001, 0.013905, 0.098467, 0.045890, 0.074514, 0.067401, 0.034715, 0.075315, 0.114269, 0.142595, 0.126004, 0.118558, 0.139149, 0.173494, 0.130481, 0.135474, 0.199986, 0.173382, 0.200730, 0.193782, 0.224407, 0.253286, 0.248838, 0.243587, 0.279128, 0.295419, 0.283934, 0.278934, 0.289863, 0.272053, 0.316094, 0.338911, 0.354117, 0.352938, 0.331146, 0.357283, 0.394147, 0.383440, 0.386825, 0.411779, 0.421619, 0.418773, 0.428911, 0.452085, 0.461993, 0.454733, 0.480473, 0.501281, 0.447584, 0.524118, 0.518682, 0.498587, 0.548105, 0.553523, 0.591206, 0.588214, 0.591451, 0.579032, 0.586485, 0.594661, 0.634799, 0.646502, 0.607197, 0.692131, 0.672882, 0.698175, 0.681184, 0.714396, 0.686916, 0.712522, 0.772286, 0.723970, 0.727495, 0.779424, 0.768787, 0.810654, 0.742916, 0.799546, 0.823145, 0.811088, 0.857554, 0.798981, 0.866726, 0.863986, 0.857981, 0.892104, 0.872883, 0.876801, 0.896516, 0.917371, 0.900699, 0.899721, 0.948216, ]
----->
	 Cov Rate: 0.94304 	 (0.23176617181978912) 	Avg Len: 0.01895999542053595 	 (1.0322227340306918e-05) 
	 d: 100 	 n: 100000 	 R: 8 	 eta_0: 0.01 	 alpha: 0.501 	 # Trials: 500
	 True solution:           [0.000000, 0.010101, 0.020202, 0.030303, 0.040404, 0.050505, 0.060606, 0.070707, 0.080808, 0.090909, 0.101010, 0.111111, 0.121212, 0.131313, 0.141414, 0.151515, 0.161616, 0.171717, 0.181818, 0.191919, 0.202020, 0.212121, 0.222222, 0.232323, 0.242424, 0.252525, 0.262626, 0.272727, 0.282828, 0.292929, 0.303030, 0.313131, 0.323232, 0.333333, 0.343434, 0.353535, 0.363636, 0.373737, 0.383838, 0.393939, 0.404040, 0.414141, 0.424242, 0.434343, 0.444444, 0.454545, 0.464646, 0.474747, 0.484848, 0.494949, 0.505051, 0.515152, 0.525253, 0.535354, 0.545455, 0.555556, 0.565657, 0.575758, 0.585859, 0.595960, 0.606061, 0.616162, 0.626263, 0.636364, 0.646465, 0.656566, 0.666667, 0.676768, 0.686869, 0.696970, 0.707071, 0.717172, 0.727273, 0.737374, 0.747475, 0.757576, 0.767677, 0.777778, 0.787879, 0.797980, 0.808081, 0.818182, 0.828283, 0.838384, 0.848485, 0.858586, 0.868687, 0.878788, 0.888889, 0.898990, 0.909091, 0.919192, 0.929293, 0.939394, 0.949495, 0.959596, 0.969697, 0.979798, 0.989899, 1.000000, ]
	 center in last trial:    [0.004364, 0.008055, 0.022534, 0.027825, 0.039307, 0.056766, 0.062876, 0.067844, 0.080400, 0.100948, 0.105069, 0.120647, 0.123859, 0.130061, 0.150172, 0.147697, 0.169295, 0.171614, 0.182447, 0.190242, 0.201612, 0.209435, 0.220064, 0.238360, 0.238867, 0.252416, 0.256806, 0.275432, 0.273620, 0.290065, 0.304341, 0.309777, 0.321392, 0.331913, 0.342495, 0.345973, 0.365600, 0.372776, 0.382280, 0.390606, 0.397276, 0.405251, 0.421821, 0.436692, 0.439916, 0.451343, 0.462727, 0.471434, 0.486833, 0.492699, 0.506273, 0.520822, 0.533568, 0.532762, 0.548934, 0.563303, 0.565727, 0.577308, 0.583191, 0.597315, 0.606194, 0.621386, 0.627371, 0.636341, 0.643983, 0.657100, 0.662613, 0.680684, 0.689040, 0.701064, 0.709208, 0.712347, 0.729272, 0.733499, 0.747175, 0.751369, 0.771318, 0.780410, 0.785500, 0.795718, 0.806298, 0.819736, 0.826245, 0.833345, 0.844109, 0.859119, 0.865214, 0.881642, 0.890060, 0.902274, 0.909783, 0.915315, 0.929333, 0.942849, 0.944751, 0.961106, 0.972175, 0.978674, 0.983709, 0.991291, ]
	 CI UB in the last trial: [0.022157, 0.033538, 0.050188, 0.052902, 0.058899, 0.083983, 0.078274, 0.094923, 0.105321, 0.126405, 0.143594, 0.136596, 0.136538, 0.153610, 0.174911, 0.166683, 0.183667, 0.195354, 0.195828, 0.208210, 0.219953, 0.225111, 0.242948, 0.258653, 0.249727, 0.270287, 0.278799, 0.297160, 0.291496, 0.307269, 0.330376, 0.316776, 0.344913, 0.350945, 0.365940, 0.372194, 0.381400, 0.393408, 0.397357, 0.409782, 0.413723, 0.429132, 0.443041, 0.459940, 0.461620, 0.476987, 0.480144, 0.492815, 0.504473, 0.504448, 0.527810, 0.544045, 0.548526, 0.550045, 0.566343, 0.587642, 0.580829, 0.598395, 0.602548, 0.620710, 0.619533, 0.634873, 0.647985, 0.657371, 0.669022, 0.678474, 0.681240, 0.692399, 0.709550, 0.731406, 0.721423, 0.729667, 0.745915, 0.756331, 0.772322, 0.775278, 0.798333, 0.800536, 0.799598, 0.815236, 0.815217, 0.833699, 0.843984, 0.853180, 0.861766, 0.874460, 0.885078, 0.898627, 0.915053, 0.926012, 0.931190, 0.924631, 0.945488, 0.969052, 0.962133, 0.975457, 0.985875, 1.001268, 1.004136, 1.002637, ]
	 CI LB in the last trial: [-0.013429, -0.017428, -0.005119, 0.002749, 0.019714, 0.029549, 0.047478, 0.040766, 0.055478, 0.075490, 0.066545, 0.104698, 0.111180, 0.106513, 0.125434, 0.128712, 0.154922, 0.147874, 0.169067, 0.172275, 0.183271, 0.193759, 0.197179, 0.218068, 0.228007, 0.234544, 0.234812, 0.253704, 0.255745, 0.272861, 0.278306, 0.302778, 0.297871, 0.312882, 0.319051, 0.319752, 0.349800, 0.352144, 0.367203, 0.371429, 0.380829, 0.381369, 0.400602, 0.413445, 0.418213, 0.425699, 0.445311, 0.450054, 0.469192, 0.480950, 0.484736, 0.497600, 0.518611, 0.515478, 0.531525, 0.538963, 0.550625, 0.556222, 0.563834, 0.573920, 0.592856, 0.607898, 0.606756, 0.615311, 0.618943, 0.635725, 0.643986, 0.668968, 0.668531, 0.670722, 0.696994, 0.695027, 0.712629, 0.710668, 0.722027, 0.727460, 0.744304, 0.760284, 0.771402, 0.776200, 0.797380, 0.805774, 0.808506, 0.813510, 0.826452, 0.843778, 0.845350, 0.864657, 0.865067, 0.878536, 0.888375, 0.905998, 0.913178, 0.916647, 0.927368, 0.946754, 0.958476, 0.956081, 0.963282, 0.979945, ]
