----->
	 Cov Rate: 0.9784 	 (0.14537345012071498) 	Avg Len: 0.03368875845150868 	 (5.27318349083815e-05) 
	 d: 100 	 n: 100000 	 M ratio: 0.2 	 eta_0: 0.1 	 alpha: 0.501 	 # Trials: 500
	 True solution:           [0.000000, 0.010101, 0.020202, 0.030303, 0.040404, 0.050505, 0.060606, 0.070707, 0.080808, 0.090909, 0.101010, 0.111111, 0.121212, 0.131313, 0.141414, 0.151515, 0.161616, 0.171717, 0.181818, 0.191919, 0.202020, 0.212121, 0.222222, 0.232323, 0.242424, 0.252525, 0.262626, 0.272727, 0.282828, 0.292929, 0.303030, 0.313131, 0.323232, 0.333333, 0.343434, 0.353535, 0.363636, 0.373737, 0.383838, 0.393939, 0.404040, 0.414141, 0.424242, 0.434343, 0.444444, 0.454545, 0.464646, 0.474747, 0.484848, 0.494949, 0.505051, 0.515152, 0.525253, 0.535354, 0.545455, 0.555556, 0.565657, 0.575758, 0.585859, 0.595960, 0.606061, 0.616162, 0.626263, 0.636364, 0.646465, 0.656566, 0.666667, 0.676768, 0.686869, 0.696970, 0.707071, 0.717172, 0.727273, 0.737374, 0.747475, 0.757576, 0.767677, 0.777778, 0.787879, 0.797980, 0.808081, 0.818182, 0.828283, 0.838384, 0.848485, 0.858586, 0.868687, 0.878788, 0.888889, 0.898990, 0.909091, 0.919192, 0.929293, 0.939394, 0.949495, 0.959596, 0.969697, 0.979798, 0.989899, 1.000000, ]
	 center in last trial:    [-0.000527, 0.011908, 0.018113, 0.029192, 0.032334, 0.054278, 0.052597, 0.071200, 0.079639, 0.098900, 0.100107, 0.112608, 0.117429, 0.124255, 0.143299, 0.147885, 0.163408, 0.170531, 0.190804, 0.191840, 0.197791, 0.207506, 0.224896, 0.229987, 0.246464, 0.251738, 0.263564, 0.280824, 0.275181, 0.289838, 0.303578, 0.304819, 0.320603, 0.340504, 0.331769, 0.346054, 0.364608, 0.370660, 0.387817, 0.384748, 0.396027, 0.412864, 0.420259, 0.431256, 0.441191, 0.457865, 0.470094, 0.473775, 0.492337, 0.490004, 0.500578, 0.515378, 0.533011, 0.528499, 0.552129, 0.556728, 0.577394, 0.585346, 0.588309, 0.605092, 0.607050, 0.625269, 0.629610, 0.639289, 0.645695, 0.659048, 0.668390, 0.680278, 0.692355, 0.700341, 0.706674, 0.717658, 0.737887, 0.729440, 0.746217, 0.759038, 0.767104, 0.776070, 0.787194, 0.794022, 0.806602, 0.820563, 0.824700, 0.844470, 0.848877, 0.859455, 0.865362, 0.881883, 0.881564, 0.908426, 0.918551, 0.918492, 0.930009, 0.942542, 0.950079, 0.962808, 0.971985, 0.986052, 0.983340, 0.994709, ]
	 CI UB in the last trial: [0.040255, 0.051936, 0.033191, 0.046656, 0.064189, 0.108901, 0.119176, 0.124272, 0.087974, 0.156640, 0.114869, 0.136485, 0.174512, 0.195454, 0.194022, 0.170378, 0.173760, 0.198910, 0.268434, 0.204247, 0.225709, 0.218104, 0.288846, 0.283214, 0.325570, 0.263466, 0.273761, 0.387440, 0.325090, 0.299574, 0.317080, 0.373797, 0.361006, 0.403692, 0.416591, 0.419771, 0.384243, 0.412479, 0.423076, 0.445553, 0.446495, 0.449611, 0.432662, 0.513209, 0.454240, 0.487376, 0.497699, 0.506353, 0.524379, 0.508684, 0.526692, 0.544576, 0.563543, 0.598324, 0.620665, 0.602773, 0.665859, 0.669893, 0.602098, 0.664012, 0.643152, 0.691464, 0.654625, 0.655177, 0.653097, 0.673966, 0.687772, 0.745237, 0.722243, 0.721840, 0.737395, 0.743306, 0.861701, 0.782830, 0.754166, 0.828353, 0.809691, 0.793996, 0.821384, 0.861409, 0.831973, 0.861151, 0.865780, 0.919509, 0.877551, 0.875178, 0.883303, 0.890692, 1.005174, 1.026097, 1.010408, 0.944251, 0.966743, 0.955918, 0.967840, 1.014879, 0.985788, 0.997414, 1.007675, 1.010328, ]
	 CI LB in the last trial: [-0.041309, -0.028121, 0.003034, 0.011729, 0.000479, -0.000345, -0.013982, 0.018129, 0.071304, 0.041160, 0.085345, 0.088731, 0.060345, 0.053056, 0.092577, 0.125391, 0.153056, 0.142153, 0.113175, 0.179433, 0.169872, 0.196908, 0.160945, 0.176759, 0.167359, 0.240010, 0.253368, 0.174207, 0.225273, 0.280101, 0.290076, 0.235842, 0.280200, 0.277316, 0.246947, 0.272337, 0.344973, 0.328841, 0.352559, 0.323942, 0.345559, 0.376118, 0.407857, 0.349304, 0.428143, 0.428354, 0.442488, 0.441197, 0.460295, 0.471324, 0.474464, 0.486181, 0.502478, 0.458674, 0.483592, 0.510683, 0.488930, 0.500798, 0.574521, 0.546172, 0.570949, 0.559073, 0.604595, 0.623400, 0.638294, 0.644131, 0.649009, 0.615320, 0.662466, 0.678842, 0.675953, 0.692009, 0.614073, 0.676051, 0.738268, 0.689722, 0.724516, 0.758144, 0.753004, 0.726634, 0.781231, 0.779975, 0.783619, 0.769431, 0.820203, 0.843731, 0.847421, 0.873073, 0.757954, 0.790755, 0.826694, 0.892733, 0.893274, 0.929165, 0.932318, 0.910737, 0.958183, 0.974690, 0.959005, 0.979090, ]
----->
	 Cov Rate: 0.96414 	 (0.18594101322731357) 	Avg Len: 0.02448995479593671 	 (2.8654622124789687e-05) 
	 d: 100 	 n: 100000 	 M ratio: 0.2 	 eta_0: 0.05 	 alpha: 0.501 	 # Trials: 500
	 True solution:           [0.000000, 0.010101, 0.020202, 0.030303, 0.040404, 0.050505, 0.060606, 0.070707, 0.080808, 0.090909, 0.101010, 0.111111, 0.121212, 0.131313, 0.141414, 0.151515, 0.161616, 0.171717, 0.181818, 0.191919, 0.202020, 0.212121, 0.222222, 0.232323, 0.242424, 0.252525, 0.262626, 0.272727, 0.282828, 0.292929, 0.303030, 0.313131, 0.323232, 0.333333, 0.343434, 0.353535, 0.363636, 0.373737, 0.383838, 0.393939, 0.404040, 0.414141, 0.424242, 0.434343, 0.444444, 0.454545, 0.464646, 0.474747, 0.484848, 0.494949, 0.505051, 0.515152, 0.525253, 0.535354, 0.545455, 0.555556, 0.565657, 0.575758, 0.585859, 0.595960, 0.606061, 0.616162, 0.626263, 0.636364, 0.646465, 0.656566, 0.666667, 0.676768, 0.686869, 0.696970, 0.707071, 0.717172, 0.727273, 0.737374, 0.747475, 0.757576, 0.767677, 0.777778, 0.787879, 0.797980, 0.808081, 0.818182, 0.828283, 0.838384, 0.848485, 0.858586, 0.868687, 0.878788, 0.888889, 0.898990, 0.909091, 0.919192, 0.929293, 0.939394, 0.949495, 0.959596, 0.969697, 0.979798, 0.989899, 1.000000, ]
	 center in last trial:    [0.002583, 0.009987, 0.016371, 0.027282, 0.033949, 0.053465, 0.054773, 0.071736, 0.083572, 0.096598, 0.097269, 0.112239, 0.120870, 0.128247, 0.144869, 0.148453, 0.165538, 0.168060, 0.188362, 0.194302, 0.201289, 0.206217, 0.219668, 0.231611, 0.243790, 0.252633, 0.267389, 0.276133, 0.273883, 0.289138, 0.301187, 0.306616, 0.319880, 0.334675, 0.337918, 0.345395, 0.364971, 0.371174, 0.386657, 0.380782, 0.397978, 0.409035, 0.421296, 0.433739, 0.443068, 0.454863, 0.465646, 0.472007, 0.490688, 0.488017, 0.502557, 0.516294, 0.531916, 0.529555, 0.547437, 0.561405, 0.571576, 0.580572, 0.587968, 0.601002, 0.608683, 0.620007, 0.629467, 0.638588, 0.646345, 0.658523, 0.665537, 0.680018, 0.689846, 0.699083, 0.706533, 0.717058, 0.729562, 0.730459, 0.746200, 0.755424, 0.764842, 0.777158, 0.784499, 0.793290, 0.806806, 0.821959, 0.826003, 0.840814, 0.845992, 0.856390, 0.865522, 0.880743, 0.886159, 0.901902, 0.913383, 0.919126, 0.928766, 0.943004, 0.953182, 0.963096, 0.967790, 0.982346, 0.986177, 0.993033, ]
	 CI UB in the last trial: [0.010605, 0.022000, 0.037185, 0.045362, 0.048159, 0.092860, 0.086390, 0.117388, 0.121911, 0.124946, 0.126673, 0.131079, 0.139851, 0.145748, 0.164444, 0.162736, 0.196931, 0.181050, 0.217452, 0.216409, 0.222869, 0.220858, 0.231118, 0.259112, 0.275616, 0.270484, 0.298369, 0.318949, 0.330558, 0.307872, 0.328330, 0.346135, 0.360040, 0.348107, 0.349982, 0.414373, 0.377206, 0.398836, 0.409569, 0.464345, 0.419006, 0.430077, 0.432896, 0.475195, 0.463227, 0.474692, 0.495671, 0.482526, 0.502687, 0.524631, 0.511229, 0.530016, 0.551222, 0.575342, 0.563548, 0.578932, 0.590869, 0.598458, 0.602532, 0.614972, 0.630373, 0.632181, 0.649240, 0.645803, 0.658354, 0.667386, 0.711018, 0.740408, 0.702010, 0.714090, 0.737277, 0.745884, 0.755421, 0.760554, 0.753618, 0.767239, 0.821703, 0.788861, 0.797212, 0.856733, 0.833470, 0.843626, 0.845475, 0.863709, 0.859516, 0.886059, 0.879284, 0.894387, 0.943231, 0.926377, 0.938425, 0.937977, 0.974028, 0.950192, 0.972756, 1.001401, 0.996361, 1.011754, 0.993970, 1.021220, ]
	 CI LB in the last trial: [-0.005439, -0.002025, -0.004443, 0.009201, 0.019739, 0.014070, 0.023156, 0.026085, 0.045232, 0.068249, 0.067866, 0.093398, 0.101889, 0.110746, 0.125294, 0.134170, 0.134145, 0.155070, 0.159271, 0.172195, 0.179709, 0.191577, 0.208219, 0.204110, 0.211964, 0.234782, 0.236410, 0.233318, 0.217208, 0.270405, 0.274043, 0.267097, 0.279720, 0.321242, 0.325854, 0.276417, 0.352737, 0.343513, 0.363745, 0.297220, 0.376949, 0.387993, 0.409696, 0.392284, 0.422908, 0.435033, 0.435621, 0.461487, 0.478689, 0.451403, 0.493886, 0.502572, 0.512610, 0.483768, 0.531325, 0.543878, 0.552284, 0.562687, 0.573405, 0.587032, 0.586993, 0.607834, 0.609695, 0.631374, 0.634336, 0.649660, 0.620056, 0.619629, 0.677682, 0.684076, 0.675789, 0.688231, 0.703703, 0.700364, 0.738781, 0.743608, 0.707981, 0.765455, 0.771786, 0.729846, 0.780143, 0.800291, 0.806531, 0.817918, 0.832467, 0.826720, 0.851761, 0.867099, 0.829086, 0.877427, 0.888342, 0.900275, 0.883504, 0.935817, 0.933609, 0.924792, 0.939219, 0.952937, 0.978385, 0.964846, ]
----->
	 Cov Rate: 0.91132 	 (0.28428130012366265) 	Avg Len: 0.06801908098796942 	 (8.012982556675369e-05) 
	 d: 100 	 n: 100000 	 M ratio: 0.2 	 eta_0: 0.01 	 alpha: 0.501 	 # Trials: 500
	 True solution:           [0.000000, 0.010101, 0.020202, 0.030303, 0.040404, 0.050505, 0.060606, 0.070707, 0.080808, 0.090909, 0.101010, 0.111111, 0.121212, 0.131313, 0.141414, 0.151515, 0.161616, 0.171717, 0.181818, 0.191919, 0.202020, 0.212121, 0.222222, 0.232323, 0.242424, 0.252525, 0.262626, 0.272727, 0.282828, 0.292929, 0.303030, 0.313131, 0.323232, 0.333333, 0.343434, 0.353535, 0.363636, 0.373737, 0.383838, 0.393939, 0.404040, 0.414141, 0.424242, 0.434343, 0.444444, 0.454545, 0.464646, 0.474747, 0.484848, 0.494949, 0.505051, 0.515152, 0.525253, 0.535354, 0.545455, 0.555556, 0.565657, 0.575758, 0.585859, 0.595960, 0.606061, 0.616162, 0.626263, 0.636364, 0.646465, 0.656566, 0.666667, 0.676768, 0.686869, 0.696970, 0.707071, 0.717172, 0.727273, 0.737374, 0.747475, 0.757576, 0.767677, 0.777778, 0.787879, 0.797980, 0.808081, 0.818182, 0.828283, 0.838384, 0.848485, 0.858586, 0.868687, 0.878788, 0.888889, 0.898990, 0.909091, 0.919192, 0.929293, 0.939394, 0.949495, 0.959596, 0.969697, 0.979798, 0.989899, 1.000000, ]
	 center in last trial:    [0.007169, 0.012944, 0.027481, 0.016888, 0.017045, 0.059761, 0.051628, 0.069944, 0.083931, 0.094968, 0.081795, 0.109791, 0.123508, 0.115905, 0.134999, 0.137704, 0.167428, 0.165646, 0.183359, 0.183010, 0.210283, 0.194374, 0.187342, 0.223113, 0.234866, 0.238326, 0.267441, 0.273268, 0.256239, 0.278354, 0.277138, 0.288803, 0.295534, 0.301568, 0.328259, 0.312185, 0.350971, 0.347303, 0.370878, 0.347192, 0.376534, 0.394251, 0.404532, 0.407336, 0.436208, 0.436408, 0.438522, 0.456273, 0.467367, 0.459998, 0.477086, 0.487882, 0.498624, 0.496602, 0.523493, 0.535023, 0.534557, 0.551967, 0.555794, 0.569385, 0.578811, 0.577073, 0.596966, 0.609870, 0.617095, 0.639662, 0.627298, 0.648274, 0.647753, 0.665488, 0.668371, 0.683681, 0.691261, 0.691574, 0.716119, 0.714590, 0.725131, 0.742506, 0.752890, 0.740839, 0.767544, 0.780497, 0.795961, 0.796782, 0.806919, 0.805771, 0.830310, 0.836218, 0.842534, 0.858219, 0.868685, 0.872797, 0.874725, 0.898952, 0.915725, 0.924614, 0.916315, 0.929480, 0.942415, 0.942798, ]
	 CI UB in the last trial: [0.020948, 0.027586, 0.043450, 0.049396, 0.064379, 0.084284, 0.063678, 0.090285, 0.098954, 0.106652, 0.124328, 0.121346, 0.136076, 0.145843, 0.163586, 0.166827, 0.183078, 0.178881, 0.196674, 0.202141, 0.233814, 0.217869, 0.257737, 0.255248, 0.249190, 0.271390, 0.278547, 0.288410, 0.328466, 0.315111, 0.338349, 0.340191, 0.364840, 0.383416, 0.351863, 0.409110, 0.389561, 0.419387, 0.403466, 0.450401, 0.431451, 0.444125, 0.450728, 0.480114, 0.460674, 0.495010, 0.520150, 0.499588, 0.524375, 0.542045, 0.538618, 0.555590, 0.570479, 0.597546, 0.573279, 0.589756, 0.619140, 0.629841, 0.638610, 0.639133, 0.659394, 0.676641, 0.686339, 0.689078, 0.688133, 0.696954, 0.739973, 0.746711, 0.755381, 0.739599, 0.768642, 0.782651, 0.781441, 0.794690, 0.796609, 0.816809, 0.844605, 0.831780, 0.843428, 0.879723, 0.881952, 0.888554, 0.876491, 0.903805, 0.913059, 0.937486, 0.918505, 0.958705, 0.960697, 0.962247, 0.980754, 0.995639, 1.019772, 1.010885, 1.005121, 1.018262, 1.053702, 1.070735, 1.051943, 1.078498, ]
	 CI LB in the last trial: [-0.006610, -0.001698, 0.011513, -0.015620, -0.030290, 0.035238, 0.039578, 0.049602, 0.068907, 0.083284, 0.039263, 0.098237, 0.110941, 0.085966, 0.106412, 0.108580, 0.151778, 0.152411, 0.170045, 0.163880, 0.186751, 0.170879, 0.116947, 0.190978, 0.220543, 0.205262, 0.256334, 0.258127, 0.184013, 0.241598, 0.215928, 0.237415, 0.226228, 0.219721, 0.304656, 0.215259, 0.312381, 0.275220, 0.338291, 0.243982, 0.321616, 0.344377, 0.358335, 0.334558, 0.411743, 0.377806, 0.356895, 0.412958, 0.410360, 0.377952, 0.415555, 0.420174, 0.426768, 0.395659, 0.473706, 0.480290, 0.449974, 0.474094, 0.472979, 0.499636, 0.498228, 0.477504, 0.507593, 0.530663, 0.546058, 0.582369, 0.514622, 0.549836, 0.540126, 0.591377, 0.568099, 0.584710, 0.601082, 0.588458, 0.635629, 0.612371, 0.605658, 0.653232, 0.662351, 0.601956, 0.653137, 0.672440, 0.715432, 0.689759, 0.700780, 0.674055, 0.742115, 0.713732, 0.724371, 0.754192, 0.756615, 0.749955, 0.729677, 0.787019, 0.826329, 0.830966, 0.778927, 0.788224, 0.832888, 0.807098, ]
----->
	 Cov Rate: 0.98482 	 (0.12226842437849601) 	Avg Len: 0.034654327198120824 	 (5.2776064167068805e-05) 
	 d: 100 	 n: 100000 	 M ratio: 0.25 	 eta_0: 0.1 	 alpha: 0.501 	 # Trials: 500
	 True solution:           [0.000000, 0.010101, 0.020202, 0.030303, 0.040404, 0.050505, 0.060606, 0.070707, 0.080808, 0.090909, 0.101010, 0.111111, 0.121212, 0.131313, 0.141414, 0.151515, 0.161616, 0.171717, 0.181818, 0.191919, 0.202020, 0.212121, 0.222222, 0.232323, 0.242424, 0.252525, 0.262626, 0.272727, 0.282828, 0.292929, 0.303030, 0.313131, 0.323232, 0.333333, 0.343434, 0.353535, 0.363636, 0.373737, 0.383838, 0.393939, 0.404040, 0.414141, 0.424242, 0.434343, 0.444444, 0.454545, 0.464646, 0.474747, 0.484848, 0.494949, 0.505051, 0.515152, 0.525253, 0.535354, 0.545455, 0.555556, 0.565657, 0.575758, 0.585859, 0.595960, 0.606061, 0.616162, 0.626263, 0.636364, 0.646465, 0.656566, 0.666667, 0.676768, 0.686869, 0.696970, 0.707071, 0.717172, 0.727273, 0.737374, 0.747475, 0.757576, 0.767677, 0.777778, 0.787879, 0.797980, 0.808081, 0.818182, 0.828283, 0.838384, 0.848485, 0.858586, 0.868687, 0.878788, 0.888889, 0.898990, 0.909091, 0.919192, 0.929293, 0.939394, 0.949495, 0.959596, 0.969697, 0.979798, 0.989899, 1.000000, ]
	 center in last trial:    [-0.000527, 0.011908, 0.018113, 0.029192, 0.032334, 0.054278, 0.052597, 0.071200, 0.079639, 0.098900, 0.100107, 0.112608, 0.117429, 0.124255, 0.143299, 0.147885, 0.163408, 0.170531, 0.190804, 0.191840, 0.197791, 0.207506, 0.224896, 0.229987, 0.246464, 0.251738, 0.263564, 0.280824, 0.275181, 0.289838, 0.303578, 0.304819, 0.320603, 0.340504, 0.331769, 0.346054, 0.364608, 0.370660, 0.387817, 0.384748, 0.396027, 0.412864, 0.420259, 0.431256, 0.441191, 0.457865, 0.470094, 0.473775, 0.492337, 0.490004, 0.500578, 0.515378, 0.533011, 0.528499, 0.552129, 0.556728, 0.577394, 0.585346, 0.588309, 0.605092, 0.607050, 0.625269, 0.629610, 0.639289, 0.645695, 0.659048, 0.668390, 0.680278, 0.692355, 0.700341, 0.706674, 0.717658, 0.737887, 0.729440, 0.746217, 0.759038, 0.767104, 0.776070, 0.787194, 0.794022, 0.806602, 0.820563, 0.824700, 0.844470, 0.848877, 0.859455, 0.865362, 0.881883, 0.881564, 0.908426, 0.918551, 0.918492, 0.930009, 0.942542, 0.950079, 0.962808, 0.971985, 0.986052, 0.983340, 0.994709, ]
	 CI UB in the last trial: [0.037669, 0.049757, 0.047199, 0.046186, 0.056108, 0.117831, 0.138179, 0.124862, 0.087528, 0.173818, 0.115897, 0.129961, 0.175992, 0.220655, 0.207582, 0.170098, 0.177000, 0.200216, 0.278126, 0.206906, 0.220238, 0.218208, 0.301805, 0.296001, 0.313952, 0.262257, 0.285265, 0.382309, 0.339051, 0.315568, 0.315909, 0.359885, 0.364042, 0.400977, 0.420545, 0.429002, 0.385957, 0.419180, 0.420377, 0.449150, 0.437030, 0.457223, 0.433495, 0.508575, 0.455448, 0.477278, 0.496477, 0.504182, 0.523928, 0.518378, 0.528518, 0.557056, 0.559987, 0.600350, 0.626818, 0.599240, 0.655490, 0.665176, 0.600572, 0.664280, 0.659981, 0.703510, 0.648286, 0.655303, 0.654163, 0.671043, 0.685347, 0.743696, 0.724818, 0.716601, 0.735371, 0.757294, 0.872378, 0.781576, 0.753192, 0.831291, 0.811866, 0.795612, 0.812490, 0.858199, 0.834479, 0.852730, 0.878834, 0.909417, 0.871057, 0.881371, 0.886372, 0.892537, 1.002747, 1.017526, 0.998462, 0.953879, 0.956070, 0.959139, 0.968869, 1.035550, 0.996497, 0.996007, 1.014577, 1.012692, ]
	 CI LB in the last trial: [-0.038723, -0.025941, -0.010973, 0.012199, 0.008561, -0.009275, -0.032986, 0.017539, 0.071750, 0.023982, 0.084318, 0.095256, 0.058865, 0.027854, 0.079017, 0.125672, 0.149816, 0.140847, 0.103483, 0.176775, 0.175343, 0.196804, 0.147987, 0.163972, 0.178977, 0.241219, 0.241864, 0.179339, 0.211312, 0.264108, 0.291247, 0.249754, 0.277165, 0.280031, 0.242993, 0.263106, 0.343260, 0.322140, 0.355258, 0.320345, 0.355024, 0.368506, 0.407023, 0.353938, 0.426935, 0.438453, 0.443710, 0.443369, 0.460747, 0.461631, 0.472638, 0.473700, 0.506034, 0.456647, 0.477440, 0.514215, 0.499298, 0.505515, 0.576047, 0.545904, 0.554119, 0.547027, 0.610934, 0.623274, 0.637228, 0.647053, 0.651434, 0.616861, 0.659891, 0.684081, 0.677977, 0.678021, 0.603396, 0.677305, 0.739242, 0.686784, 0.722342, 0.756528, 0.761898, 0.729844, 0.778725, 0.788396, 0.770566, 0.779523, 0.826696, 0.837538, 0.844352, 0.871228, 0.760380, 0.799325, 0.838641, 0.883106, 0.903948, 0.925944, 0.931289, 0.890065, 0.947474, 0.976097, 0.952102, 0.976727, ]
----->
	 Cov Rate: 0.95764 	 (0.20140911200836967) 	Avg Len: 0.021618358347012468 	 (2.3642648665430057e-05) 
	 d: 100 	 n: 100000 	 M ratio: 0.25 	 eta_0: 0.05 	 alpha: 0.501 	 # Trials: 500
	 True solution:           [0.000000, 0.010101, 0.020202, 0.030303, 0.040404, 0.050505, 0.060606, 0.070707, 0.080808, 0.090909, 0.101010, 0.111111, 0.121212, 0.131313, 0.141414, 0.151515, 0.161616, 0.171717, 0.181818, 0.191919, 0.202020, 0.212121, 0.222222, 0.232323, 0.242424, 0.252525, 0.262626, 0.272727, 0.282828, 0.292929, 0.303030, 0.313131, 0.323232, 0.333333, 0.343434, 0.353535, 0.363636, 0.373737, 0.383838, 0.393939, 0.404040, 0.414141, 0.424242, 0.434343, 0.444444, 0.454545, 0.464646, 0.474747, 0.484848, 0.494949, 0.505051, 0.515152, 0.525253, 0.535354, 0.545455, 0.555556, 0.565657, 0.575758, 0.585859, 0.595960, 0.606061, 0.616162, 0.626263, 0.636364, 0.646465, 0.656566, 0.666667, 0.676768, 0.686869, 0.696970, 0.707071, 0.717172, 0.727273, 0.737374, 0.747475, 0.757576, 0.767677, 0.777778, 0.787879, 0.797980, 0.808081, 0.818182, 0.828283, 0.838384, 0.848485, 0.858586, 0.868687, 0.878788, 0.888889, 0.898990, 0.909091, 0.919192, 0.929293, 0.939394, 0.949495, 0.959596, 0.969697, 0.979798, 0.989899, 1.000000, ]
	 center in last trial:    [0.002583, 0.009987, 0.016371, 0.027282, 0.033949, 0.053465, 0.054773, 0.071736, 0.083572, 0.096598, 0.097269, 0.112239, 0.120870, 0.128247, 0.144869, 0.148453, 0.165538, 0.168060, 0.188362, 0.194302, 0.201289, 0.206217, 0.219668, 0.231611, 0.243790, 0.252633, 0.267389, 0.276133, 0.273883, 0.289138, 0.301187, 0.306616, 0.319880, 0.334675, 0.337918, 0.345395, 0.364971, 0.371174, 0.386657, 0.380782, 0.397978, 0.409035, 0.421296, 0.433739, 0.443068, 0.454863, 0.465646, 0.472007, 0.490688, 0.488017, 0.502557, 0.516294, 0.531916, 0.529555, 0.547437, 0.561405, 0.571576, 0.580572, 0.587968, 0.601002, 0.608683, 0.620007, 0.629467, 0.638588, 0.646345, 0.658523, 0.665537, 0.680018, 0.689846, 0.699083, 0.706533, 0.717058, 0.729562, 0.730459, 0.746200, 0.755424, 0.764842, 0.777158, 0.784499, 0.793290, 0.806806, 0.821959, 0.826003, 0.840814, 0.845992, 0.856390, 0.865522, 0.880743, 0.886159, 0.901902, 0.913383, 0.919126, 0.928766, 0.943004, 0.953182, 0.963096, 0.967790, 0.982346, 0.986177, 0.993033, ]
	 CI UB in the last trial: [0.010301, 0.020153, 0.034583, 0.043889, 0.046263, 0.090394, 0.085960, 0.107666, 0.114352, 0.120440, 0.122988, 0.128273, 0.136043, 0.146718, 0.170332, 0.164481, 0.194376, 0.179672, 0.216714, 0.211954, 0.218080, 0.218916, 0.231627, 0.261072, 0.270244, 0.267529, 0.293790, 0.310711, 0.324274, 0.311109, 0.325126, 0.335767, 0.352875, 0.351936, 0.347695, 0.404622, 0.378048, 0.396592, 0.404909, 0.448389, 0.416095, 0.425552, 0.431099, 0.466858, 0.459384, 0.471907, 0.491356, 0.482025, 0.501162, 0.519117, 0.514525, 0.529358, 0.547300, 0.567308, 0.561857, 0.573918, 0.587825, 0.594268, 0.600741, 0.619234, 0.627885, 0.630560, 0.643842, 0.646222, 0.657711, 0.668563, 0.706533, 0.732280, 0.701504, 0.710901, 0.734040, 0.742524, 0.752512, 0.754499, 0.752572, 0.768245, 0.812156, 0.789259, 0.801266, 0.848152, 0.831997, 0.839858, 0.842989, 0.863725, 0.862905, 0.883846, 0.878053, 0.898959, 0.934752, 0.921631, 0.932427, 0.940996, 0.964383, 0.950172, 0.968565, 0.995500, 0.991055, 1.006035, 0.998887, 1.016488, ]
	 CI LB in the last trial: [-0.005134, -0.000178, -0.001841, 0.010674, 0.021634, 0.016537, 0.023586, 0.035807, 0.052791, 0.072756, 0.071550, 0.096204, 0.105697, 0.109776, 0.119406, 0.132424, 0.136700, 0.156448, 0.160009, 0.176649, 0.184499, 0.193518, 0.207710, 0.202150, 0.217337, 0.237737, 0.240988, 0.241556, 0.223492, 0.267168, 0.277248, 0.277465, 0.286884, 0.317413, 0.328141, 0.286168, 0.351895, 0.345757, 0.368405, 0.313176, 0.379860, 0.392518, 0.411493, 0.400621, 0.426751, 0.437818, 0.439936, 0.461988, 0.480214, 0.456916, 0.490589, 0.503230, 0.516532, 0.491801, 0.533016, 0.548892, 0.555328, 0.566876, 0.575196, 0.582770, 0.589480, 0.609454, 0.615093, 0.630955, 0.634979, 0.648483, 0.624541, 0.627756, 0.678189, 0.687265, 0.679025, 0.691592, 0.706611, 0.706419, 0.739827, 0.742602, 0.717529, 0.765056, 0.767732, 0.738427, 0.781616, 0.804059, 0.809017, 0.817903, 0.829078, 0.828933, 0.852991, 0.862527, 0.837566, 0.882173, 0.894340, 0.897255, 0.893148, 0.935836, 0.937800, 0.930692, 0.944525, 0.958657, 0.973468, 0.969578, ]
----->
	 Cov Rate: 0.45716 	 (0.498161353780078) 	Avg Len: 0.05147455138884747 	 (6.026518812939807e-05) 
	 d: 100 	 n: 100000 	 M ratio: 0.25 	 eta_0: 0.01 	 alpha: 0.501 	 # Trials: 500
	 True solution:           [0.000000, 0.010101, 0.020202, 0.030303, 0.040404, 0.050505, 0.060606, 0.070707, 0.080808, 0.090909, 0.101010, 0.111111, 0.121212, 0.131313, 0.141414, 0.151515, 0.161616, 0.171717, 0.181818, 0.191919, 0.202020, 0.212121, 0.222222, 0.232323, 0.242424, 0.252525, 0.262626, 0.272727, 0.282828, 0.292929, 0.303030, 0.313131, 0.323232, 0.333333, 0.343434, 0.353535, 0.363636, 0.373737, 0.383838, 0.393939, 0.404040, 0.414141, 0.424242, 0.434343, 0.444444, 0.454545, 0.464646, 0.474747, 0.484848, 0.494949, 0.505051, 0.515152, 0.525253, 0.535354, 0.545455, 0.555556, 0.565657, 0.575758, 0.585859, 0.595960, 0.606061, 0.616162, 0.626263, 0.636364, 0.646465, 0.656566, 0.666667, 0.676768, 0.686869, 0.696970, 0.707071, 0.717172, 0.727273, 0.737374, 0.747475, 0.757576, 0.767677, 0.777778, 0.787879, 0.797980, 0.808081, 0.818182, 0.828283, 0.838384, 0.848485, 0.858586, 0.868687, 0.878788, 0.888889, 0.898990, 0.909091, 0.919192, 0.929293, 0.939394, 0.949495, 0.959596, 0.969697, 0.979798, 0.989899, 1.000000, ]
	 center in last trial:    [0.007169, 0.012944, 0.027481, 0.016888, 0.017045, 0.059761, 0.051628, 0.069944, 0.083931, 0.094968, 0.081795, 0.109791, 0.123508, 0.115905, 0.134999, 0.137704, 0.167428, 0.165646, 0.183359, 0.183010, 0.210283, 0.194374, 0.187342, 0.223113, 0.234866, 0.238326, 0.267441, 0.273268, 0.256239, 0.278354, 0.277138, 0.288803, 0.295534, 0.301568, 0.328259, 0.312185, 0.350971, 0.347303, 0.370878, 0.347192, 0.376534, 0.394251, 0.404532, 0.407336, 0.436208, 0.436408, 0.438522, 0.456273, 0.467367, 0.459998, 0.477086, 0.487882, 0.498624, 0.496602, 0.523493, 0.535023, 0.534557, 0.551967, 0.555794, 0.569385, 0.578811, 0.577073, 0.596966, 0.609870, 0.617095, 0.639662, 0.627298, 0.648274, 0.647753, 0.665488, 0.668371, 0.683681, 0.691261, 0.691574, 0.716119, 0.714590, 0.725131, 0.742506, 0.752890, 0.740839, 0.767544, 0.780497, 0.795961, 0.796782, 0.806919, 0.805771, 0.830310, 0.836218, 0.842534, 0.858219, 0.868685, 0.872797, 0.874725, 0.898952, 0.915725, 0.924614, 0.916315, 0.929480, 0.942415, 0.942798, ]
	 CI UB in the last trial: [0.017967, 0.024440, 0.039510, 0.041396, 0.052541, 0.078409, 0.061601, 0.085202, 0.095547, 0.103918, 0.113865, 0.118396, 0.133556, 0.138484, 0.156869, 0.160207, 0.179511, 0.176444, 0.193783, 0.197984, 0.228153, 0.212821, 0.240297, 0.247688, 0.245684, 0.263397, 0.275278, 0.284376, 0.310897, 0.306289, 0.323280, 0.327349, 0.347709, 0.363553, 0.346152, 0.385267, 0.380115, 0.401832, 0.395538, 0.425075, 0.417849, 0.431985, 0.439729, 0.461957, 0.454866, 0.480702, 0.500158, 0.488997, 0.510744, 0.521752, 0.523528, 0.538899, 0.552728, 0.572648, 0.560865, 0.576551, 0.598139, 0.610794, 0.618446, 0.621914, 0.639362, 0.652055, 0.664475, 0.669851, 0.670743, 0.683734, 0.712718, 0.722722, 0.729017, 0.721303, 0.744076, 0.758497, 0.759419, 0.769295, 0.776916, 0.791677, 0.815300, 0.809746, 0.821260, 0.845454, 0.853983, 0.862172, 0.857055, 0.877451, 0.886881, 0.904890, 0.896841, 0.928900, 0.931845, 0.936760, 0.953457, 0.965254, 0.984111, 0.983367, 0.983578, 0.995630, 1.019995, 1.035822, 1.025153, 1.045440, ]
	 CI LB in the last trial: [-0.003629, 0.001449, 0.015453, -0.007619, -0.018452, 0.041112, 0.041655, 0.054686, 0.072315, 0.086018, 0.049725, 0.101187, 0.113461, 0.093326, 0.113129, 0.115201, 0.155345, 0.154847, 0.172935, 0.168037, 0.192412, 0.175927, 0.134387, 0.198538, 0.224048, 0.213255, 0.259603, 0.262161, 0.201582, 0.250420, 0.230997, 0.250258, 0.243359, 0.239583, 0.310367, 0.239103, 0.321826, 0.292775, 0.346218, 0.269308, 0.335218, 0.356518, 0.369334, 0.352715, 0.417550, 0.392115, 0.376887, 0.423549, 0.423991, 0.398245, 0.430645, 0.436865, 0.444519, 0.420557, 0.486120, 0.493495, 0.470975, 0.493140, 0.493143, 0.516856, 0.518260, 0.502091, 0.529457, 0.549890, 0.563448, 0.595589, 0.541877, 0.573825, 0.566489, 0.609673, 0.592666, 0.608864, 0.623104, 0.613853, 0.655322, 0.637504, 0.634963, 0.675266, 0.684520, 0.636224, 0.681106, 0.698821, 0.734868, 0.716114, 0.726957, 0.706651, 0.763779, 0.743537, 0.753224, 0.779679, 0.783912, 0.780340, 0.765338, 0.814537, 0.847872, 0.853598, 0.812634, 0.823137, 0.859678, 0.840156, ]
----->
	 Cov Rate: 0.98376 	 (0.1263972404762066) 	Avg Len: 0.029945539021727842 	 (3.992062356706073e-05) 
	 d: 100 	 n: 100000 	 M ratio: 0.3 	 eta_0: 0.1 	 alpha: 0.501 	 # Trials: 500
	 True solution:           [0.000000, 0.010101, 0.020202, 0.030303, 0.040404, 0.050505, 0.060606, 0.070707, 0.080808, 0.090909, 0.101010, 0.111111, 0.121212, 0.131313, 0.141414, 0.151515, 0.161616, 0.171717, 0.181818, 0.191919, 0.202020, 0.212121, 0.222222, 0.232323, 0.242424, 0.252525, 0.262626, 0.272727, 0.282828, 0.292929, 0.303030, 0.313131, 0.323232, 0.333333, 0.343434, 0.353535, 0.363636, 0.373737, 0.383838, 0.393939, 0.404040, 0.414141, 0.424242, 0.434343, 0.444444, 0.454545, 0.464646, 0.474747, 0.484848, 0.494949, 0.505051, 0.515152, 0.525253, 0.535354, 0.545455, 0.555556, 0.565657, 0.575758, 0.585859, 0.595960, 0.606061, 0.616162, 0.626263, 0.636364, 0.646465, 0.656566, 0.666667, 0.676768, 0.686869, 0.696970, 0.707071, 0.717172, 0.727273, 0.737374, 0.747475, 0.757576, 0.767677, 0.777778, 0.787879, 0.797980, 0.808081, 0.818182, 0.828283, 0.838384, 0.848485, 0.858586, 0.868687, 0.878788, 0.888889, 0.898990, 0.909091, 0.919192, 0.929293, 0.939394, 0.949495, 0.959596, 0.969697, 0.979798, 0.989899, 1.000000, ]
	 center in last trial:    [-0.000527, 0.011908, 0.018113, 0.029192, 0.032334, 0.054278, 0.052597, 0.071200, 0.079639, 0.098900, 0.100107, 0.112608, 0.117429, 0.124255, 0.143299, 0.147885, 0.163408, 0.170531, 0.190804, 0.191840, 0.197791, 0.207506, 0.224896, 0.229987, 0.246464, 0.251738, 0.263564, 0.280824, 0.275181, 0.289838, 0.303578, 0.304819, 0.320603, 0.340504, 0.331769, 0.346054, 0.364608, 0.370660, 0.387817, 0.384748, 0.396027, 0.412864, 0.420259, 0.431256, 0.441191, 0.457865, 0.470094, 0.473775, 0.492337, 0.490004, 0.500578, 0.515378, 0.533011, 0.528499, 0.552129, 0.556728, 0.577394, 0.585346, 0.588309, 0.605092, 0.607050, 0.625269, 0.629610, 0.639289, 0.645695, 0.659048, 0.668390, 0.680278, 0.692355, 0.700341, 0.706674, 0.717658, 0.737887, 0.729440, 0.746217, 0.759038, 0.767104, 0.776070, 0.787194, 0.794022, 0.806602, 0.820563, 0.824700, 0.844470, 0.848877, 0.859455, 0.865362, 0.881883, 0.881564, 0.908426, 0.918551, 0.918492, 0.930009, 0.942542, 0.950079, 0.962808, 0.971985, 0.986052, 0.983340, 0.994709, ]
	 CI UB in the last trial: [0.027636, 0.041135, 0.039001, 0.044954, 0.075058, 0.120575, 0.119170, 0.110330, 0.087955, 0.160631, 0.114599, 0.133164, 0.161909, 0.200801, 0.193390, 0.167297, 0.188533, 0.192281, 0.262589, 0.209877, 0.216563, 0.219310, 0.282776, 0.278238, 0.297362, 0.260359, 0.289599, 0.355293, 0.323762, 0.323358, 0.316622, 0.349115, 0.357032, 0.385229, 0.401449, 0.405152, 0.381517, 0.407140, 0.429086, 0.434026, 0.427593, 0.444661, 0.433579, 0.489620, 0.452701, 0.479756, 0.489731, 0.499801, 0.515318, 0.525134, 0.541008, 0.556570, 0.557916, 0.600343, 0.605701, 0.590440, 0.636555, 0.644484, 0.602402, 0.650167, 0.644067, 0.679688, 0.654294, 0.661096, 0.657231, 0.688653, 0.681882, 0.734370, 0.721014, 0.717429, 0.744385, 0.746697, 0.840327, 0.771784, 0.767859, 0.813471, 0.799193, 0.793544, 0.814152, 0.848805, 0.836537, 0.856205, 0.861855, 0.894233, 0.867894, 0.878322, 0.908549, 0.891045, 0.985243, 0.990614, 0.980859, 0.970980, 0.951990, 0.971322, 0.973631, 1.028392, 0.987660, 1.009839, 1.010055, 1.019190, ]
	 CI LB in the last trial: [-0.028689, -0.017319, -0.002775, 0.013431, -0.010389, -0.012019, -0.013976, 0.032070, 0.071323, 0.037170, 0.085616, 0.092053, 0.072948, 0.047708, 0.093209, 0.128472, 0.138284, 0.148782, 0.119020, 0.173803, 0.179018, 0.195701, 0.167015, 0.181735, 0.195566, 0.243117, 0.237529, 0.206354, 0.226601, 0.256318, 0.290534, 0.260524, 0.284175, 0.295779, 0.262089, 0.286955, 0.347700, 0.334180, 0.346549, 0.335470, 0.364461, 0.381068, 0.406940, 0.372893, 0.429682, 0.435975, 0.450456, 0.447749, 0.469357, 0.454875, 0.460148, 0.474186, 0.508106, 0.456654, 0.498557, 0.523016, 0.518234, 0.526207, 0.574217, 0.560017, 0.570033, 0.570850, 0.604926, 0.617481, 0.634160, 0.629444, 0.654899, 0.626187, 0.663695, 0.683254, 0.668962, 0.688618, 0.635446, 0.687097, 0.724575, 0.704604, 0.735015, 0.758596, 0.760236, 0.739239, 0.776667, 0.784922, 0.787544, 0.794707, 0.829860, 0.840587, 0.822175, 0.872720, 0.777885, 0.826237, 0.856244, 0.866004, 0.908028, 0.913762, 0.926527, 0.897224, 0.956311, 0.962265, 0.956624, 0.970228, ]
----->
	 Cov Rate: 0.9285 	 (0.25765820382825) 	Avg Len: 0.017212733381691735 	 (1.7185353210691942e-05) 
	 d: 100 	 n: 100000 	 M ratio: 0.3 	 eta_0: 0.05 	 alpha: 0.501 	 # Trials: 500
	 True solution:           [0.000000, 0.010101, 0.020202, 0.030303, 0.040404, 0.050505, 0.060606, 0.070707, 0.080808, 0.090909, 0.101010, 0.111111, 0.121212, 0.131313, 0.141414, 0.151515, 0.161616, 0.171717, 0.181818, 0.191919, 0.202020, 0.212121, 0.222222, 0.232323, 0.242424, 0.252525, 0.262626, 0.272727, 0.282828, 0.292929, 0.303030, 0.313131, 0.323232, 0.333333, 0.343434, 0.353535, 0.363636, 0.373737, 0.383838, 0.393939, 0.404040, 0.414141, 0.424242, 0.434343, 0.444444, 0.454545, 0.464646, 0.474747, 0.484848, 0.494949, 0.505051, 0.515152, 0.525253, 0.535354, 0.545455, 0.555556, 0.565657, 0.575758, 0.585859, 0.595960, 0.606061, 0.616162, 0.626263, 0.636364, 0.646465, 0.656566, 0.666667, 0.676768, 0.686869, 0.696970, 0.707071, 0.717172, 0.727273, 0.737374, 0.747475, 0.757576, 0.767677, 0.777778, 0.787879, 0.797980, 0.808081, 0.818182, 0.828283, 0.838384, 0.848485, 0.858586, 0.868687, 0.878788, 0.888889, 0.898990, 0.909091, 0.919192, 0.929293, 0.939394, 0.949495, 0.959596, 0.969697, 0.979798, 0.989899, 1.000000, ]
	 center in last trial:    [0.002583, 0.009987, 0.016371, 0.027282, 0.033949, 0.053465, 0.054773, 0.071736, 0.083572, 0.096598, 0.097269, 0.112239, 0.120870, 0.128247, 0.144869, 0.148453, 0.165538, 0.168060, 0.188362, 0.194302, 0.201289, 0.206217, 0.219668, 0.231611, 0.243790, 0.252633, 0.267389, 0.276133, 0.273883, 0.289138, 0.301187, 0.306616, 0.319880, 0.334675, 0.337918, 0.345395, 0.364971, 0.371174, 0.386657, 0.380782, 0.397978, 0.409035, 0.421296, 0.433739, 0.443068, 0.454863, 0.465646, 0.472007, 0.490688, 0.488017, 0.502557, 0.516294, 0.531916, 0.529555, 0.547437, 0.561405, 0.571576, 0.580572, 0.587968, 0.601002, 0.608683, 0.620007, 0.629467, 0.638588, 0.646345, 0.658523, 0.665537, 0.680018, 0.689846, 0.699083, 0.706533, 0.717058, 0.729562, 0.730459, 0.746200, 0.755424, 0.764842, 0.777158, 0.784499, 0.793290, 0.806806, 0.821959, 0.826003, 0.840814, 0.845992, 0.856390, 0.865522, 0.880743, 0.886159, 0.901902, 0.913383, 0.919126, 0.928766, 0.943004, 0.953182, 0.963096, 0.967790, 0.982346, 0.986177, 0.993033, ]
	 CI UB in the last trial: [0.010115, 0.018974, 0.029573, 0.039027, 0.043439, 0.083658, 0.078076, 0.099168, 0.106964, 0.115194, 0.117044, 0.125378, 0.133690, 0.141820, 0.166365, 0.161188, 0.191097, 0.179030, 0.210171, 0.208876, 0.215083, 0.216503, 0.228995, 0.253824, 0.263868, 0.264988, 0.287023, 0.302207, 0.312202, 0.306742, 0.321257, 0.329760, 0.344848, 0.351845, 0.347111, 0.389594, 0.375325, 0.391827, 0.401030, 0.430834, 0.412914, 0.422413, 0.430593, 0.458929, 0.455268, 0.468340, 0.485540, 0.480517, 0.499354, 0.511568, 0.517787, 0.526547, 0.544478, 0.558042, 0.558980, 0.571601, 0.584492, 0.592729, 0.599105, 0.616722, 0.622871, 0.630581, 0.641951, 0.644932, 0.656028, 0.669440, 0.696342, 0.720161, 0.703480, 0.709239, 0.727460, 0.736148, 0.747850, 0.748728, 0.752117, 0.768094, 0.799828, 0.786707, 0.798231, 0.834892, 0.828122, 0.837703, 0.838628, 0.858258, 0.860163, 0.878069, 0.876277, 0.898134, 0.925440, 0.916953, 0.930413, 0.938027, 0.956256, 0.948802, 0.967883, 0.987069, 0.985597, 1.001619, 1.000276, 1.013693, ]
	 CI LB in the last trial: [-0.004949, 0.001000, 0.003169, 0.015536, 0.024458, 0.023273, 0.031469, 0.044304, 0.060179, 0.078002, 0.077495, 0.099099, 0.108050, 0.114674, 0.123373, 0.135717, 0.139979, 0.157090, 0.166552, 0.179727, 0.187495, 0.195932, 0.210341, 0.209398, 0.223712, 0.240278, 0.247755, 0.250060, 0.235565, 0.271535, 0.281116, 0.283472, 0.294911, 0.317504, 0.328725, 0.301196, 0.354618, 0.350522, 0.372284, 0.330731, 0.383041, 0.395657, 0.412000, 0.408550, 0.430867, 0.441385, 0.445752, 0.463496, 0.482023, 0.464466, 0.487328, 0.506041, 0.519354, 0.501068, 0.535893, 0.551209, 0.558661, 0.568415, 0.576832, 0.585283, 0.594494, 0.609434, 0.616984, 0.632245, 0.636662, 0.647606, 0.634732, 0.639876, 0.676212, 0.688927, 0.685606, 0.697967, 0.711273, 0.712191, 0.740282, 0.742753, 0.729857, 0.767609, 0.770767, 0.751687, 0.785490, 0.806215, 0.813377, 0.823369, 0.831820, 0.834710, 0.854767, 0.863351, 0.846878, 0.886851, 0.896353, 0.900225, 0.901275, 0.937207, 0.938482, 0.939124, 0.949983, 0.963072, 0.972079, 0.972373, ]
----->
	 Cov Rate: 0.12196 	 (0.3272396039601564) 	Avg Len: 0.03788690144119614 	 (4.417069764961033e-05) 
	 d: 100 	 n: 100000 	 M ratio: 0.3 	 eta_0: 0.01 	 alpha: 0.501 	 # Trials: 500
	 True solution:           [0.000000, 0.010101, 0.020202, 0.030303, 0.040404, 0.050505, 0.060606, 0.070707, 0.080808, 0.090909, 0.101010, 0.111111, 0.121212, 0.131313, 0.141414, 0.151515, 0.161616, 0.171717, 0.181818, 0.191919, 0.202020, 0.212121, 0.222222, 0.232323, 0.242424, 0.252525, 0.262626, 0.272727, 0.282828, 0.292929, 0.303030, 0.313131, 0.323232, 0.333333, 0.343434, 0.353535, 0.363636, 0.373737, 0.383838, 0.393939, 0.404040, 0.414141, 0.424242, 0.434343, 0.444444, 0.454545, 0.464646, 0.474747, 0.484848, 0.494949, 0.505051, 0.515152, 0.525253, 0.535354, 0.545455, 0.555556, 0.565657, 0.575758, 0.585859, 0.595960, 0.606061, 0.616162, 0.626263, 0.636364, 0.646465, 0.656566, 0.666667, 0.676768, 0.686869, 0.696970, 0.707071, 0.717172, 0.727273, 0.737374, 0.747475, 0.757576, 0.767677, 0.777778, 0.787879, 0.797980, 0.808081, 0.818182, 0.828283, 0.838384, 0.848485, 0.858586, 0.868687, 0.878788, 0.888889, 0.898990, 0.909091, 0.919192, 0.929293, 0.939394, 0.949495, 0.959596, 0.969697, 0.979798, 0.989899, 1.000000, ]
	 center in last trial:    [0.007169, 0.012944, 0.027481, 0.016888, 0.017045, 0.059761, 0.051628, 0.069944, 0.083931, 0.094968, 0.081795, 0.109791, 0.123508, 0.115905, 0.134999, 0.137704, 0.167428, 0.165646, 0.183359, 0.183010, 0.210283, 0.194374, 0.187342, 0.223113, 0.234866, 0.238326, 0.267441, 0.273268, 0.256239, 0.278354, 0.277138, 0.288803, 0.295534, 0.301568, 0.328259, 0.312185, 0.350971, 0.347303, 0.370878, 0.347192, 0.376534, 0.394251, 0.404532, 0.407336, 0.436208, 0.436408, 0.438522, 0.456273, 0.467367, 0.459998, 0.477086, 0.487882, 0.498624, 0.496602, 0.523493, 0.535023, 0.534557, 0.551967, 0.555794, 0.569385, 0.578811, 0.577073, 0.596966, 0.609870, 0.617095, 0.639662, 0.627298, 0.648274, 0.647753, 0.665488, 0.668371, 0.683681, 0.691261, 0.691574, 0.716119, 0.714590, 0.725131, 0.742506, 0.752890, 0.740839, 0.767544, 0.780497, 0.795961, 0.796782, 0.806919, 0.805771, 0.830310, 0.836218, 0.842534, 0.858219, 0.868685, 0.872797, 0.874725, 0.898952, 0.915725, 0.924614, 0.916315, 0.929480, 0.942415, 0.942798, ]
	 CI UB in the last trial: [0.015310, 0.021592, 0.036403, 0.034982, 0.043224, 0.073500, 0.058993, 0.081300, 0.092561, 0.101692, 0.105451, 0.116612, 0.131153, 0.132504, 0.151167, 0.154345, 0.176483, 0.174247, 0.191031, 0.194050, 0.223704, 0.207976, 0.226335, 0.241286, 0.242918, 0.256816, 0.273869, 0.281861, 0.296310, 0.298899, 0.311104, 0.317178, 0.333857, 0.347035, 0.341613, 0.365831, 0.372478, 0.387379, 0.389031, 0.404370, 0.406999, 0.421957, 0.430461, 0.447600, 0.450168, 0.469007, 0.483809, 0.480386, 0.499160, 0.505455, 0.511391, 0.525386, 0.538469, 0.552436, 0.551049, 0.565523, 0.581279, 0.595211, 0.601812, 0.608002, 0.623270, 0.632154, 0.646507, 0.653897, 0.656597, 0.672186, 0.689986, 0.702994, 0.707524, 0.706640, 0.724047, 0.738591, 0.741425, 0.748733, 0.760821, 0.771263, 0.791430, 0.791978, 0.803203, 0.817736, 0.831083, 0.840479, 0.840838, 0.856035, 0.865707, 0.878649, 0.879259, 0.904415, 0.908270, 0.915932, 0.931024, 0.940756, 0.955106, 0.961025, 0.965674, 0.976811, 0.992468, 1.007687, 1.003292, 1.018281, ]
	 CI LB in the last trial: [-0.000972, 0.004296, 0.018560, -0.001206, -0.009134, 0.046021, 0.044263, 0.058588, 0.075301, 0.088244, 0.058140, 0.102971, 0.115864, 0.099306, 0.118831, 0.121063, 0.158373, 0.157045, 0.175688, 0.171971, 0.196861, 0.180771, 0.148349, 0.204940, 0.226815, 0.219836, 0.261012, 0.264675, 0.216168, 0.257810, 0.243172, 0.260429, 0.257210, 0.256101, 0.314906, 0.258538, 0.329463, 0.307228, 0.352725, 0.290013, 0.346068, 0.366546, 0.378603, 0.367071, 0.422249, 0.403810, 0.393236, 0.432160, 0.435574, 0.414542, 0.442782, 0.450379, 0.458778, 0.440768, 0.495936, 0.504522, 0.487834, 0.508724, 0.509777, 0.530768, 0.534353, 0.521991, 0.547425, 0.565844, 0.577593, 0.607138, 0.564609, 0.593553, 0.587982, 0.624336, 0.612695, 0.628770, 0.641098, 0.634415, 0.671418, 0.657918, 0.658833, 0.693034, 0.702576, 0.663942, 0.704005, 0.720515, 0.751085, 0.737530, 0.748131, 0.732892, 0.781361, 0.768022, 0.776798, 0.800507, 0.806345, 0.804838, 0.794344, 0.836879, 0.865776, 0.872416, 0.840162, 0.851273, 0.881539, 0.867315, ]
